0.000000 -0.000000 0.000000 -0.000000
1.250000 -1.250000 0.000000 -0.000000
2.500000 -2.500000 0.000000 -0.000000
3.750000 -3.750000 0.000000 -0.000000
5.000000 -5.000000 0.000000 -0.000000
5.000000 -5.000000 1.250000 -1.250000
3.750000 -3.750000 1.250000 -1.250000
2.500000 -2.500000 1.250000 -1.250000
1.250000 -1.250000 1.250000 -1.250000
0.000000 -0.000000 1.250000 -1.250000
0.000000 -0.000000 2.500000 -2.500000
1.250000 -1.250000 2.500000 -2.500000
2.500000 -2.500000 2.500000 -2.500000
3.750000 -3.750000 2.500000 -2.500000
5.000000 -5.000000 2.500000 -2.500000
5.000000 -5.000000 3.750000 -3.750000
3.750000 -3.750000 3.750000 -3.750000
2.500000 -2.500000 3.750000 -3.750000
1.250000 -1.250000 3.750000 -3.750000
0.000000 -0.000000 3.750000 -3.750000
0.000000 -0.000000 5.000000 -5.000000
1.250000 -1.250000 5.000000 -5.000000
2.500000 -2.500000 5.000000 -5.000000
3.750000 -3.750000 5.000000 -5.000000
5.000000 -5.000000 5.000000 -5.000000
-0.000000 0.000000 0.000000 -0.000000
-1.250000 1.250000 0.000000 -0.000000
-2.500000 2.500000 0.000000 -0.000000
-3.750000 3.750000 0.000000 -0.000000
-5.000000 5.000000 0.000000 -0.000000
-5.000000 5.000000 1.250000 -1.250000
-3.750000 3.750000 1.250000 -1.250000
-2.500000 2.500000 1.250000 -1.250000
-1.250000 1.250000 1.250000 -1.250000
-0.000000 0.000000 1.250000 -1.250000
-0.000000 0.000000 2.500000 -2.500000
-1.250000 1.250000 2.500000 -2.500000
-2.500000 2.500000 2.500000 -2.500000
-3.750000 3.750000 2.500000 -2.500000
-5.000000 5.000000 2.500000 -2.500000
-5.000000 5.000000 3.750000 -3.750000
-3.750000 3.750000 3.750000 -3.750000
-2.500000 2.500000 3.750000 -3.750000
-1.250000 1.250000 3.750000 -3.750000
-0.000000 0.000000 3.750000 -3.750000
-0.000000 0.000000 5.000000 -5.000000
-1.250000 1.250000 5.000000 -5.000000
-2.500000 2.500000 5.000000 -5.000000
-3.750000 3.750000 5.000000 -5.000000
-5.000000 5.000000 5.000000 -5.000000
-0.000000 0.000000 -0.000000 0.000000
-1.250000 1.250000 -0.000000 0.000000
-2.500000 2.500000 -0.000000 0.000000
-3.750000 3.750000 -0.000000 0.000000
-5.000000 5.000000 -0.000000 0.000000
-5.000000 5.000000 -1.250000 1.250000
-3.750000 3.750000 -1.250000 1.250000
-2.500000 2.500000 -1.250000 1.250000
-1.250000 1.250000 -1.250000 1.250000
-0.000000 0.000000 -1.250000 1.250000
-0.000000 0.000000 -2.500000 2.500000
-1.250000 1.250000 -2.500000 2.500000
-2.500000 2.500000 -2.500000 2.500000
-3.750000 3.750000 -2.500000 2.500000
-5.000000 5.000000 -2.500000 2.500000
-5.000000 5.000000 -3.750000 3.750000
-3.750000 3.750000 -3.750000 3.750000
-2.500000 2.500000 -3.750000 3.750000
-1.250000 1.250000 -3.750000 3.750000
-0.000000 0.000000 -3.750000 3.750000
-0.000000 0.000000 -5.000000 5.000000
-1.250000 1.250000 -5.000000 5.000000
-2.500000 2.500000 -5.000000 5.000000
-3.750000 3.750000 -5.000000 5.000000
-5.000000 5.000000 -5.000000 5.000000
-0.000000 0.000000 0.000000 -0.000000
-1.250000 1.250000 0.000000 -0.000000
-2.500000 2.500000 0.000000 -0.000000
-3.750000 3.750000 0.000000 -0.000000
-5.000000 5.000000 0.000000 -0.000000
-5.000000 5.000000 1.250000 -1.250000
-3.750000 3.750000 1.250000 -1.250000
-2.500000 2.500000 1.250000 -1.250000
-1.250000 1.250000 1.250000 -1.250000
-0.000000 0.000000 1.250000 -1.250000
-0.000000 0.000000 2.500000 -2.500000
-1.250000 1.250000 2.500000 -2.500000
-2.500000 2.500000 2.500000 -2.500000
-3.750000 3.750000 2.500000 -2.500000
-5.000000 5.000000 2.500000 -2.500000
-5.000000 5.000000 3.750000 -3.750000
-3.750000 3.750000 3.750000 -3.750000
-2.500000 2.500000 3.750000 -3.750000
-1.250000 1.250000 3.750000 -3.750000
-0.000000 0.000000 3.750000 -3.750000
-0.000000 0.000000 5.000000 -5.000000
-1.250000 1.250000 5.000000 -5.000000
-2.500000 2.500000 5.000000 -5.000000
-3.750000 3.750000 5.000000 -5.000000
-5.000000 5.000000 5.000000 -5.000000
