# Image list with two lines of data per image:
#   IMAGE_ID, QW, QX, QY, QZ, TX, TY, TZ, CAMERA_ID, NAME
#   POINTS2D[] as (X, Y, POINT3D_ID)
# Number of images: 24, mean observations per image: 89.625
1 -0.029022385643542079 0.010269392897141752 -0.54260456408518909 0.83942392611540662 1.1203649136865503 2.8063357669884939 1.873745721942268 1 0000.png
236 128 -1 222 129 585 226 129 585 232 129 454 237 132 -1 241 132 535 232 134 453 239 136 559 243 136 427 202 144 421 244 146 209 236 157 457 240 157 -1 231 158 532 206 159 314 216 159 -1 227 159 -1 200 167 356 252 168 562 199 171 356 198 175 -1 261 176 204 243 184 208 193 185 -1 215 185 -1 157 186 -1 161 186 479 167 186 -1 172 186 520 176 186 521 180 186 522 148 187 -1 152 188 -1 192 189 -1 145 191 362 141 192 -1 267 193 265 137 194 -1 134 198 -1 130 202 566 215 207 -1 197 208 491 243 208 250 248 208 -1 239 209 -1 272 210 567 120 211 -1 253 213 -1 286 213 -1 119 215 -1 254 217 -1 118 219 569 201 219 455 203 223 524 117 224 571 247 224 -1 278 224 570 283 224 -1 222 226 510 256 227 -1 117 228 572 207 231 -1 256 231 -1 211 233 533 231 234 -1 116 235 -1 268 236 401 284 236 573 168 237 543 172 237 -1 208 237 -1 212 237 473 264 237 -1 252 238 -1 117 239 574 171 241 -1 213 241 534 175 242 -1 118 243 -1 128 246 528 132 246 544 136 246 -1 239 247 -1 142 248 -1 121 249 -1 218 251 -1 121 253 324 168 254 -1 251 254 -1 221 255 499 247 255 -1 149 256 583 121 257 -1 225 257 -1 229 257 -1 243 259 359 149 260 419 239 260 -1 226 264 -1 231 266 -1 120 267 530 227 269 -1 219 270 531 231 270 269 118 275 282 135 275 482 208 278 503 118 279 262 190 281 550 208 282 332 197 285 423 201 285 386 208 286 476 149 287 493 174 287 -1 199 289 515
2 -0.27188522763020118 0.071681136865136066 -0.49694477616620414 0.82096658096131825 1.2259791811889127 2.8629041111319005 1.7670792453815438 1 0001.png
264 157 -1 279 157 585 283 158 585 253 160 421 287 163 -1 283 167 453 287 167 339 291 167 535 168 171 -1 172 171 -1 176 171 -1 180 171 -1 287 171 339 164 172 -1 184 172 -1 291 172 427 160 173 -1 191 173 -1 195 173 -1 248 173 314 244 174 -1 199 175 479 257 176 506 290 176 427 152 177 -1 148 178 -1 208 181 521 146 182 -1 142 183 -1 230 183 467 137 186 -1 277 186 457 135 190 -1 219 190 486 232 193 489 132 194 434 128 195 -1 128 199 -1 281 199 507 128 203 412 153 209 -1 283 209 460 226 211 491 150 213 528 154 213 417 283 213 460 126 214 307 158 214 -1 226 215 452 227 219 455 284 220 472 125 222 324 121 223 -1 117 224 542 273 230 250 283 231 461 115 232 530 166 234 583 284 235 475 106 237 262 162 238 545 166 238 419 285 239 475 254 240 319 274 240 -1 250 241 510 127 242 308 229 243 533 286 243 557 145 244 331 247 245 -1 230 247 473 286 247 557 286 251 553 266 252 463 245 253 -1 285 255 -1 227 261 315 140 263 493 225 266 499 144 267 444 248 267 337 149 269 283 154 271 255 247 271 -1 279 271 -1 158 272 -1 272 272 -1 259 273 555 267 273 582 175 274 -1 263 274 573 244 275 -1 228 277 478 240 277 -1 200 278 41 224 278 -1 232 278 -1 236 278 -1 217 279 531 184 283 386 191 285 332 195 285 476 182 287 515 186 287 514
3 0.25351083954831771 -0.037075033342883 -0.54972502658016686 0.79508495853309047 0.86883579739974726 2.6363961141396151 1.7864917555136297 1 0002.png
168 120 291 172 120 376 176 120 263 180 120 350 184 120 -1 181 124 -1 186 124 209 161 125 292 172 128 -1 191 132 244 154 138 293 154 142 374 206 142 393 160 143 -1 193 143 163 218 144 -1 222 145 204 154 148 394 182 148 532 154 152 395 236 152 -1 172 154 397 245 159 -1 165 160 388 190 161 -1 192 167 -1 267 167 137 255 168 199 197 169 208 205 169 246 271 169 55 193 171 -1 273 173 134 163 174 -1 193 175 -1 221 176 -1 250 179 -1 249 183 -1 225 184 -1 249 187 136 225 188 -1 229 188 -1 249 191 -1 271 191 378 226 192 -1 275 192 354 160 194 -1 164 194 379 201 195 250 197 196 249 207 196 389 213 197 -1 263 197 -1 217 200 -1 149 202 520 145 203 400 218 204 402 243 204 156 137 209 -1 254 209 -1 219 211 -1 132 213 -1 175 214 -1 237 214 357 219 215 527 126 217 -1 130 217 362 127 221 -1 183 222 524 218 222 -1 126 225 -1 184 226 -1 254 226 359 218 227 248 253 230 359 124 231 364 183 231 -1 218 232 380 222 232 305 123 236 -1 183 236 534 248 236 299 122 240 410 184 240 -1 215 243 -1 184 244 -1 211 245 382 188 246 383 122 248 369 183 248 -1 206 249 384 241 249 269 198 250 -1 202 250 385 227 250 -1 122 253 370 123 257 302 124 261 371 222 262 41 219 271 386 155 273 583 223 273 514 133 276 372 155 277 517 207 277 278 222 277 225 193 290 303 186 294 255 150 295 -1 154 295 482 178 295 -1 182 295 283 160 296 548 165 296 433 144 299 -1 134 306 282 134 310 196
4 0.48881304477239695 -0.083848852203566346 -0.51265528668353899 0.70086784366234256 0.72254888011167695 2.5354307018785711 1.7948207205433613 1 0003.png
223 137 137 230 137 55 183 138 584 179 139 -1 204 139 -1 173 140 204 208 140 289 234 140 134 167 142 304 125 143 -1 216 143 199 121 144 263 129 144 209 133 144 209 163 144 304 238 144 -1 137 145 244 117 146 376 159 146 393 113 148 291 238 148 -1 112 152 292 241 153 352 147 154 163 111 156 284 242 157 354 109 160 -1 108 164 -1 217 165 136 221 165 53 225 166 53 109 168 293 237 168 38 134 169 247 185 170 -1 110 172 374 160 174 -1 188 174 -1 111 176 374 156 177 208 187 178 -1 191 178 -1 235 179 267 112 180 232 183 180 -1 223 181 156 116 182 395 131 182 388 144 182 -1 148 184 -1 241 185 29 240 192 236 201 195 172 222 195 357 197 196 -1 208 196 224 239 196 243 134 197 356 243 197 359 201 199 172 137 204 -1 161 204 -1 165 204 -1 243 204 -1 174 205 -1 138 208 -1 153 208 -1 243 208 299 176 209 -1 149 211 -1 244 212 268 179 213 -1 147 215 379 194 218 -1 212 218 305 145 219 -1 208 219 380 244 219 -1 194 222 -1 144 223 -1 244 223 269 185 224 -1 243 227 -1 184 233 -1 135 237 -1 236 237 361 219 239 207 166 240 -1 135 241 362 184 248 382 230 248 41 155 249 -1 240 249 300 182 252 384 218 252 -1 157 253 -1 161 254 363 233 255 386 134 256 364 176 256 -1 180 256 385 215 256 301 219 256 -1 229 256 -1 237 256 514 164 258 383 135 260 -1 213 260 261 209 262 261 135 264 368 228 267 278 137 271 369 138 275 370 140 279 302 220 281 303 142 283 371 216 287 255 169 289 583 173 290 517 213 291 283 209 293 283 156 295 372 204 296 466 200 299 466 196 300 433 183 304 482 159 312 260 176 318 66 166 320 282 167 324 196
5 0.68526811243549768 -0.13920712669540794 -0.43553843483021748 0.56686441213216343 0.69348945097308501 2.3122584296589883 1.6857241406997827 1 0004.png
179 126 242 175 130 137 179 130 55 183 130 134 192 136 -1 166 140 199 195 140 -1 158 144 289 198 144 -1 154 145 264 150 148 140 200 149 38 146 150 -1 141 154 584 137 156 -1 179 159 136 174 160 353 183 160 53 206 161 267 132 162 349 216 165 29 129 166 304 220 167 -1 215 169 -1 198 170 156 168 171 -1 219 171 236 223 172 236 218 175 243 214 176 173 222 176 -1 227 180 -1 117 182 163 201 182 52 101 183 209 105 183 244 97 184 350 228 184 299 93 185 263 91 189 263 223 189 40 232 189 268 189 191 245 88 193 291 185 193 224 234 193 -1 143 194 246 162 194 -1 179 196 172 87 197 292 175 197 -1 235 197 269 179 200 172 87 201 284 237 201 -1 87 205 284 238 205 271 112 207 247 229 208 32 196 210 248 200 210 305 240 210 -1 89 211 -1 112 213 -1 91 215 -1 95 217 374 123 219 -1 98 221 232 102 221 232 107 221 -1 111 221 -1 116 221 -1 218 222 -1 122 223 -1 126 224 -1 181 224 64 134 226 249 138 226 250 142 226 389 218 226 207 180 228 192 222 228 227 128 230 -1 155 230 213 230 231 41 247 231 -1 251 231 225 127 234 -1 248 235 -1 252 235 225 128 239 -1 175 239 348 129 243 251 174 243 74 243 243 278 129 247 171 144 248 -1 163 248 -1 167 248 -1 171 248 -1 215 250 261 235 251 -1 168 252 -1 209 252 -1 213 254 261 217 254 -1 152 255 -1 229 255 54 167 256 -1 209 256 483 243 259 303 166 263 -1 192 264 -1 243 264 303 165 267 -1 142 268 -1 243 268 255 146 271 100 142 272 -1 241 272 255 154 275 -1 240 278 283 238 282 -1 163 286 258 236 286 466 167 288 369 232 289 387 196 292 517 200 292 517 173 293 302 192 295 237 217 298 482 206 299 67 187 301 372 215 310 -1 215 314 66 196 318 260 214 318 68 207 321 73 203 323 282 207 325 196
6 0.83925824358264445 -0.18084431742048585 -0.32526063528915888 0.39641701851281064 0.50815312906908938 2.1110307065053804 1.6058076218619903 1 0005.png
130 144 242 140 146 -1 134 147 134 144 147 241 130 148 55 155 149 39 160 149 221 128 152 137 166 153 38 183 157 29 179 158 198 175 160 198 190 160 236 195 161 236 127 164 199 191 165 243 154 166 200 138 171 201 143 172 136 148 172 53 179 172 173 211 173 150 176 176 222 191 176 202 195 176 40 120 178 140 219 181 152 223 182 9 227 183 178 119 184 203 116 188 204 239 189 4 171 190 158 216 191 32 203 192 -1 184 193 -1 244 193 125 170 194 -1 245 197 1 169 198 245 112 200 304 247 201 225 168 202 224 229 204 155 189 206 305 149 207 69 167 207 172 185 207 248 193 207 51 249 207 -1 165 211 287 224 212 41 166 215 287 213 215 227 209 217 207 109 220 163 255 220 -1 134 221 -1 130 222 246 126 224 -1 176 224 190 256 224 -1 237 226 44 96 227 209 176 228 64 258 228 210 94 231 263 176 232 192 259 234 303 96 235 -1 234 235 54 92 236 263 175 236 -1 247 236 144 91 240 220 175 240 162 213 240 261 261 241 146 174 244 348 212 244 483 216 244 -1 208 245 483 263 245 -1 93 246 284 174 248 74 212 248 483 95 250 170 145 251 213 128 252 249 132 252 250 173 252 74 98 254 229 102 256 230 268 256 214 272 256 20 120 257 240 109 259 232 266 260 -1 270 260 262 119 263 -1 134 263 -1 258 263 37 270 264 -1 165 265 88 151 266 215 124 270 251 172 271 -1 126 274 171 128 278 -1 247 279 482 224 282 517 164 283 93 185 283 189 220 283 517 137 284 -1 236 284 67 189 285 -1 194 287 258 220 287 237 156 288 285 198 288 -1 216 288 177 148 289 390 152 290 100 204 290 187 144 292 390 218 292 237 251 292 66 148 293 100 152 294 218 228 301 373 232 302 82 247 304 73 235 306 260 243 307 196 247 308 196
7 0.93983382894989653 -0.20404562337854093 -0.19200895162433063 0.19547460202687417 0.28908348291508112 2.1257297076421544 1.627491748421023 1 0006.png
159 167 -1 163 167 236 226 167 125 177 168 22 184 168 -1 188 168 150 207 168 178 222 168 2 154 169 29 203 169 9 230 169 1 195 170 7 199 170 152 158 171 153 152 173 198 143 175 36 147 175 198 162 175 -1 128 176 39 120 177 43 124 177 39 244 181 5 115 182 241 194 182 32 109 183 134 153 183 173 167 183 40 230 183 -1 163 184 202 248 184 6 105 187 55 109 187 -1 151 187 173 252 188 176 211 190 155 104 191 137 108 191 56 150 191 156 257 192 210 151 196 52 104 197 197 129 198 53 152 200 52 126 202 136 113 203 -1 267 203 146 153 204 158 271 206 -1 229 207 44 281 208 -1 182 209 51 285 209 101 243 210 144 239 212 114 288 214 20 113 215 140 168 217 -1 198 217 -1 228 217 54 288 218 262 292 218 262 114 219 -1 160 222 172 115 223 203 161 226 287 288 226 33 116 227 204 208 227 -1 284 227 33 145 228 69 149 228 -1 273 228 37 176 229 190 210 231 261 176 233 64 214 234 -1 118 235 343 206 235 -1 210 235 483 210 239 483 270 239 161 180 240 -1 206 240 483 119 244 -1 181 245 162 120 248 -1 177 249 -1 268 249 482 182 250 348 178 253 348 182 255 74 122 256 -1 122 260 -1 182 260 79 256 261 67 232 263 -1 239 263 517 276 263 66 121 264 164 183 264 79 243 264 517 242 269 237 120 270 263 124 272 -1 151 272 213 162 273 174 178 273 88 120 274 220 241 274 177 245 274 237 276 274 73 199 275 387 124 276 -1 203 276 -1 236 276 168 208 277 189 214 277 -1 224 277 217 228 277 188 232 277 187 259 278 82 273 278 196 277 278 196 133 279 -1 120 280 220 171 282 90 123 284 170 154 287 215 134 288 147 175 291 93 138 295 -1 176 296 93 140 299 171 168 302 285 174 303 322 167 306 100 171 307 218 163 310 390 167 310 100
8 0.97717479622569248 -0.20708162570149227 -0.044009406209224645 -0.017600854616046747 0.19774991577528733 2.3833851361211904 1.6205505174902179 1 0007.png
204 152 347 208 155 1 204 156 125 212 156 1 199 157 2 216 157 219 220 159 -1 224 160 5 194 161 4 228 161 6 202 167 17 270 167 195 256 168 146 229 169 108 260 169 146 264 169 -1 183 170 9 287 170 126 291 170 262 214 171 127 178 174 152 173 175 7 168 177 150 271 177 27 156 184 22 152 185 -1 177 186 24 274 187 128 146 188 236 199 189 -1 176 190 32 274 191 37 143 192 153 230 192 144 143 196 -1 192 196 41 214 196 44 137 198 198 155 201 40 135 202 198 131 205 36 154 207 40 140 208 173 217 208 54 242 210 -1 246 210 130 140 212 173 155 212 131 120 213 39 277 213 179 245 214 -1 177 215 116 142 217 156 279 217 -1 116 218 241 177 219 51 216 220 -1 144 221 52 200 221 132 115 222 241 204 222 -1 177 223 305 191 224 -1 208 224 -1 126 226 50 229 226 -1 288 227 66 109 228 134 153 230 117 108 232 55 179 232 58 268 232 67 214 234 -1 132 235 136 109 236 56 179 236 58 293 237 73 214 238 -1 210 239 483 113 240 197 178 240 -1 292 241 196 296 241 -1 182 242 64 125 243 -1 168 243 287 251 243 517 255 243 517 185 246 191 255 247 517 259 247 237 265 250 237 155 251 69 261 251 177 191 252 162 131 253 140 195 256 348 256 257 168 199 260 74 252 260 187 248 262 -1 140 263 119 201 264 79 242 265 217 205 266 79 238 266 188 234 267 189 143 268 149 148 276 -1 150 280 120 200 282 88 183 287 174 155 289 122 157 293 122 194 293 90 159 297 194 161 302 91 200 303 93 200 307 322 184 308 142 164 310 147 200 312 322 196 313 285 166 314 147 195 317 285 194 321 100
9 0.94504827144498116 -0.20900584509282794 0.10563972188833999 -0.22812402441487897 0.20382666607500566 2.5979685017278977 1.6398006364382112 1 0008.png
258 128 323 258 132 262 246 134 101 260 139 33 236 141 195 260 144 33 231 146 146 227 147 146 223 148 13 244 148 27 259 148 -1 247 155 308 251 156 128 177 157 347 186 157 219 255 158 37 181 159 1 177 161 125 194 167 108 264 167 307 190 168 -1 169 173 178 169 177 -1 271 177 179 182 178 127 168 181 -1 257 185 482 163 186 9 232 187 181 275 187 -1 205 188 144 233 191 130 277 191 66 160 193 152 187 193 182 235 198 -1 192 199 44 155 200 -1 261 202 67 280 203 -1 284 203 196 284 207 -1 200 208 54 147 209 22 165 209 32 177 209 41 231 212 -1 145 213 236 255 217 -1 143 219 -1 275 219 82 255 221 517 170 223 47 272 223 77 151 227 40 193 227 132 173 228 185 140 231 198 268 231 168 174 232 51 140 235 186 176 236 51 140 239 -1 264 239 187 180 242 313 260 244 -1 183 248 315 255 248 189 152 249 52 251 249 -1 156 250 52 160 251 158 134 252 39 186 252 62 190 254 316 194 255 191 244 255 311 133 256 241 198 257 192 180 258 287 202 258 162 208 261 348 222 261 79 212 262 74 226 262 312 131 266 134 150 269 61 130 270 55 134 270 56 138 271 -1 173 271 69 132 274 56 139 276 197 143 276 199 159 276 140 230 277 314 166 280 -1 170 282 119 231 283 193 174 285 343 232 287 -1 176 289 318 228 290 -1 229 294 -1 212 295 319 183 300 120 187 301 121 226 303 93 189 305 122 226 308 322 190 309 194 227 312 322 224 317 285 220 319 -1 224 321 100 200 322 147 211 322 321
10 0.8545197292198734 -0.18313583328296218 0.23086503831774999 -0.42773663979637422 0.48413690752900618 2.9401730131213908 1.7919021100788126 1 0009.png
199 120 323 203 120 262 194 127 101 211 129 33 194 131 101 201 143 27 218 143 324 190 146 146 231 146 307 236 148 412 205 149 308 240 149 -1 244 151 -1 249 155 326 253 159 -1 176 160 10 257 162 -1 259 166 329 168 168 5 260 170 -1 223 171 482 242 171 438 264 174 -1 260 176 -1 158 178 219 249 178 414 265 178 -1 154 179 347 158 182 -1 267 182 -1 154 183 -1 202 186 181 267 187 -1 232 188 331 153 189 330 268 193 -1 254 197 417 267 197 -1 178 204 144 235 205 -1 150 206 423 239 207 419 235 209 517 266 209 309 150 210 9 150 214 515 173 215 44 264 217 479 183 221 54 263 221 -1 261 225 311 154 226 332 259 229 418 168 232 41 214 232 -1 255 235 432 150 239 22 150 243 236 172 243 47 151 247 333 173 247 185 246 247 312 152 251 -1 177 252 51 181 254 428 229 254 -1 154 255 335 182 258 -1 186 258 313 227 258 74 155 259 198 253 259 314 223 260 348 190 261 315 259 261 422 263 261 421 157 263 186 202 263 316 206 263 191 210 263 192 159 267 -1 266 269 -1 161 271 336 178 271 337 254 272 -1 268 273 -1 268 277 585 197 279 69 264 281 453 268 281 -1 163 283 241 181 285 61 263 285 339 267 285 340 163 287 317 198 287 429 265 289 341 260 292 427 207 293 318 235 293 319 250 293 342 168 295 56 164 297 55 178 297 199 174 298 197 217 303 121 251 303 322 218 307 122 222 309 194 240 315 344 246 315 430 250 315 100 234 319 345 240 319 321 229 320 431
11 0.71059120489047523 -0.16339861243717504 0.33054280092296695 -0.59925160804449118 0.68369110593602733 3.0234021168376697 1.7213721371256532 1 0010.png
145 146 262 199 149 434 191 150 412 203 150 -1 207 150 -1 183 151 307 187 151 412 211 151 -1 217 153 -1 174 154 324 145 155 101 221 155 413 225 156 -1 152 159 488 228 160 -1 153 163 27 153 167 -1 160 168 308 236 168 -1 200 172 438 239 172 -1 204 173 414 208 174 439 148 175 415 243 177 -1 147 179 437 245 181 -1 191 182 -1 145 183 -1 180 183 482 218 183 442 144 187 440 180 187 416 219 187 417 247 188 -1 144 191 10 220 191 516 249 192 309 194 194 331 143 195 444 220 195 516 249 196 479 143 200 -1 250 201 479 143 204 504 250 205 418 206 207 419 144 209 504 205 211 517 209 211 419 144 213 449 250 214 432 144 217 471 247 223 -1 248 227 -1 148 229 494 278 233 421 274 234 422 268 236 314 143 238 423 169 242 54 145 243 515 290 244 -1 237 245 452 144 247 515 291 248 585 231 249 456 235 249 455 232 253 -1 292 255 454 153 256 332 170 256 -1 161 259 503 288 259 339 292 259 340 279 263 470 290 263 341 218 265 473 272 265 457 163 266 22 286 266 427 164 270 236 186 271 428 201 271 315 167 274 -1 204 275 -1 173 277 478 204 279 -1 252 283 319 220 284 -1 248 284 -1 179 285 186 224 285 429 266 286 -1 192 288 -1 217 288 477 266 290 509 239 296 -1 198 298 241 215 299 -1 215 303 199 205 304 -1 264 305 430 268 305 100 209 307 197 205 308 197 201 310 55 250 310 -1 255 311 345 248 314 431
12 0.51051185860139325 -0.12350487827001325 0.42423245484660194 -0.73766592135307851 0.85131331267149979 3.1012323759418523 1.7860892427327346 1 0011.png
172 162 -1 168 163 -1 176 163 413 163 164 -1 187 164 -1 159 165 -1 192 165 -1 196 166 484 200 167 -1 153 168 434 204 169 436 149 171 179 208 172 -1 212 174 -1 145 175 412 220 182 -1 133 186 324 223 186 479 103 192 323 163 192 439 167 192 439 173 193 442 107 194 262 157 194 414 153 196 438 176 197 417 267 200 422 271 200 421 276 200 -1 280 200 -1 179 201 516 127 206 308 182 206 516 232 207 486 244 207 487 248 207 467 263 207 314 293 208 585 182 210 468 297 210 -1 141 211 482 182 214 -1 297 214 454 245 216 489 293 216 453 126 217 415 299 218 340 154 219 331 158 220 469 295 220 339 126 221 437 294 224 339 298 224 427 173 225 419 127 228 440 232 228 491 296 228 427 292 229 490 278 230 457 288 230 470 128 233 493 231 233 452 129 237 444 230 240 455 131 241 -1 135 246 504 278 249 459 223 250 -1 278 253 460 146 255 471 222 255 533 149 259 494 278 260 472 221 262 473 277 264 -1 255 268 319 276 268 461 151 272 423 210 274 315 223 275 474 277 275 475 153 276 515 163 279 332 167 279 476 172 279 503 177 279 -1 200 279 428 204 279 499 243 279 477 181 280 22 277 282 557 266 283 -1 183 284 -1 274 286 430 278 286 557 196 287 478 219 287 337 203 288 -1 245 290 501 204 292 -1 230 293 241 247 294 -1 271 294 321 247 298 -1 254 301 582 258 302 431 237 303 -1
13 -0.2844988744767713 0.032857169091455168 -0.62989114575911509 0.72195425156654858 0.82163071389283371 4.150650346804647 2.3750221711211337 1 0012.png
256 139 421 252 140 -1 288 140 585 292 142 454 288 144 -1 292 146 454 248 147 -1 288 148 453 298 149 376 167 150 -1 171 150 -1 175 150 565 179 150 -1 243 150 -1 293 150 536 155 151 -1 159 151 -1 183 151 537 150 153 -1 146 154 484 190 154 479 292 154 339 296 154 559 142 155 -1 194 155 520 138 157 -1 227 158 -1 134 159 -1 200 159 521 297 159 427 223 160 -1 126 161 -1 130 161 -1 204 161 521 211 163 -1 125 165 538 207 165 -1 290 166 470 211 167 486 121 168 -1 207 169 540 278 171 457 118 172 -1 116 176 434 229 180 -1 160 184 -1 228 184 489 112 188 412 151 188 -1 283 191 507 255 194 -1 284 195 563 109 201 324 284 202 -1 219 203 491 283 206 460 219 207 452 100 208 542 283 210 460 283 214 -1 167 215 543 219 215 455 126 217 -1 131 218 544 92 219 -1 100 219 530 136 219 -1 140 219 -1 144 219 -1 282 221 -1 92 223 262 113 225 308 282 225 472 101 227 488 281 229 472 214 231 -1 220 236 533 280 236 -1 151 237 583 112 238 -1 220 240 192 279 240 498 151 241 419 112 242 -1 147 243 545 279 244 -1 277 250 475 113 252 -1 219 253 495 136 254 -1 233 254 546 117 255 -1 237 255 -1 113 256 -1 278 256 -1 241 257 547 147 259 548 151 260 580 279 260 557 155 261 581 207 262 -1 275 262 -1 168 263 -1 211 263 549 174 264 550 178 266 550 182 266 -1 203 266 551 207 266 552 277 266 557 189 267 -1 257 270 -1 276 270 553 237 273 -1 237 279 501 238 283 554 261 284 345 240 288 502 251 290 582 244 291 555 249 294 582 253 294 431 257 294 431
14 -0.018425277786379094 0.015913897208562521 -0.6906609155769875 0.7227688127669093 0.89218350002733404 4.4762504649584409 2.8712539795292686 1 0013.png
229 119 585 237 119 391 225 120 585 233 120 454 242 120 376 246 120 -1 244 124 -1 248 124 -1 215 128 -1 245 128 559 249 128 -1 247 132 -1 251 132 209 251 136 209 203 137 421 250 140 244 203 141 560 247 149 163 202 151 314 236 153 532 199 155 -1 212 157 -1 219 157 397 223 157 397 231 157 396 235 157 247 198 159 -1 260 159 562 263 164 563 267 169 -1 268 173 584 171 174 521 176 174 -1 191 174 -1 167 175 -1 154 178 479 158 178 -1 144 179 -1 271 179 564 136 180 -1 140 181 362 218 183 -1 272 183 -1 136 184 -1 188 184 -1 231 184 -1 132 186 -1 124 194 -1 190 196 -1 276 199 567 120 200 -1 177 201 -1 116 203 -1 194 203 -1 288 205 -1 116 207 -1 195 207 -1 178 208 -1 231 210 -1 114 211 -1 196 211 491 238 212 -1 263 214 136 288 214 134 196 215 452 113 216 569 257 217 -1 159 218 -1 279 218 570 112 221 434 257 221 -1 157 222 -1 161 222 -1 165 224 -1 112 225 -1 197 225 -1 256 225 -1 260 225 -1 111 231 572 256 231 -1 198 232 -1 278 232 -1 282 232 354 113 236 574 200 236 575 113 240 -1 201 240 576 253 240 -1 234 241 -1 238 241 -1 242 241 279 204 244 -1 253 244 -1 253 248 -1 120 250 -1 253 252 -1 119 254 -1 140 256 -1 213 256 -1 217 256 495 253 258 -1 217 260 -1 148 262 583 253 262 -1 152 263 -1 214 264 -1 231 264 578 148 266 517 252 266 -1 116 268 -1 248 271 -1 116 272 579 209 275 -1 179 276 -1 183 276 550 140 277 -1 199 277 -1 171 278 -1 115 279 -1 167 279 -1 232 279 -1 243 279 -1 120 280 -1 155 280 -1 159 280 580 163 280 581 127 282 -1 117 284 282 131 284 -1 215 286 -1 121 287 -1 117 288 196 231 289 582 218 290 554 227 290 -1 222 291 502 117 292 -1 231 293 582 235 293 431
15 0.25828730869720812 0.014418892392501371 -0.67771352522106376 0.68831979445644675 1.0843795910401532 4.4194581709092615 2.8096568570222913 1 0014.png
182 120 391 186 120 263 191 120 350 178 121 291 196 122 209 174 123 292 170 124 392 200 125 209 168 129 -1 167 133 -1 217 138 393 234 139 -1 207 140 163 240 140 204 244 141 -1 162 144 293 248 144 584 252 146 584 256 148 564 162 151 394 194 151 532 259 152 265 161 155 560 187 155 355 191 155 396 184 160 397 267 160 -1 235 161 -1 231 162 -1 194 163 -1 179 164 -1 183 164 397 175 165 388 235 165 -1 271 165 289 194 167 -1 207 168 -1 274 169 567 287 170 137 285 174 -1 289 174 55 192 175 -1 174 176 -1 292 178 134 196 187 -1 172 189 486 264 190 136 197 191 399 160 194 521 156 195 -1 198 195 -1 153 199 400 198 199 -1 235 200 -1 239 200 -1 149 202 -1 260 203 -1 290 203 354 256 204 156 264 204 -1 272 204 401 237 205 -1 268 205 267 279 205 -1 145 206 565 208 207 -1 198 208 -1 141 212 -1 249 214 357 241 215 -1 199 216 -1 255 218 52 137 219 566 241 219 -1 168 220 -1 263 221 411 135 224 -1 264 225 -1 134 228 -1 263 229 359 133 232 -1 262 233 359 233 236 -1 188 237 -1 255 237 -1 132 238 410 229 239 -1 143 240 -1 213 240 279 233 240 527 190 241 575 132 242 410 191 245 576 133 246 571 232 247 -1 133 251 369 199 254 -1 134 255 370 144 256 -1 201 258 -1 135 259 302 199 262 -1 203 262 -1 136 263 371 231 263 -1 199 266 -1 210 266 578 231 267 -1 223 270 406 229 271 -1 196 273 -1 146 276 372 168 280 583 209 282 -1 145 283 -1 167 284 517 198 286 408 226 286 -1 145 287 373 194 287 -1 167 288 482 187 290 581 221 290 582 225 290 431 144 291 579 177 291 433 181 291 466 203 291 -1 211 292 502 207 293 554 144 296 260 159 300 66 149 304 282 149 308 282
16 0.49928450799955831 0.025193244680542532 -0.61473223060495796 0.61006931175855605 1.219648413886735 4.2963468237979585 2.688780741468034 1 0015.png
222 130 584 212 131 -1 218 131 584 230 131 265 208 132 204 234 132 -1 202 133 349 238 133 264 242 134 264 197 135 304 257 139 -1 269 139 137 273 140 55 152 141 350 156 141 209 148 142 263 163 142 244 167 143 244 144 144 391 277 144 134 140 148 351 175 149 163 135 151 392 176 153 -1 135 155 292 135 160 284 207 160 -1 247 160 -1 271 164 -1 283 166 352 134 167 -1 250 167 353 258 167 201 169 168 396 254 169 136 278 169 378 282 170 354 134 171 293 282 174 -1 135 175 -1 154 175 355 178 175 -1 207 176 -1 167 177 -1 230 177 -1 137 179 374 166 181 -1 230 181 -1 274 181 267 139 183 232 171 183 -1 258 183 156 159 184 388 225 184 -1 144 185 395 167 185 -1 229 185 -1 276 187 -1 228 189 -1 175 190 -1 191 190 -1 276 191 -1 227 194 402 276 195 -1 162 196 356 253 196 357 264 199 52 226 200 358 276 200 411 176 203 399 239 206 -1 231 207 -1 275 207 359 235 208 172 271 208 202 275 211 359 231 212 360 167 216 -1 229 216 -1 274 216 -1 225 223 -1 229 223 -1 270 226 -1 163 227 -1 243 227 305 261 229 361 161 238 -1 261 240 -1 187 246 363 191 246 279 268 247 300 161 250 364 216 251 -1 264 251 -1 162 254 410 215 255 366 265 255 225 189 256 367 261 256 386 163 258 368 265 259 225 253 262 278 164 263 369 218 263 -1 249 264 -1 190 265 -1 245 266 -1 167 268 370 191 269 -1 220 269 -1 242 270 -1 197 271 -1 209 272 406 221 273 -1 239 274 -1 172 276 371 221 280 -1 234 282 -1 223 284 -1 183 286 372 211 286 -1 219 287 -1 223 288 -1 227 288 -1 188 289 -1 194 290 408 219 291 -1 205 297 -1 185 299 373 186 304 260 196 304 -1 192 305 -1 201 308 66 192 312 282 194 316 196
17 0.69984517940671409 0.0088917483421760684 -0.50656031704427429 0.50352190306739186 1.3928889047844795 4.0237129304776742 2.486491121847322 1 0016.png
225 126 137 229 126 55 233 126 134 199 133 264 195 134 -1 191 136 265 245 137 39 187 138 584 180 141 -1 218 142 -1 249 143 352 177 145 204 175 149 -1 252 152 -1 169 154 304 255 156 -1 247 157 266 251 158 -1 225 159 201 255 160 267 260 160 198 266 161 29 221 163 353 225 163 136 236 164 53 223 167 -1 246 168 156 156 169 -1 271 170 -1 144 171 244 148 171 244 139 173 209 153 173 -1 157 173 163 135 176 -1 127 178 -1 131 178 263 259 180 173 263 180 173 267 180 -1 271 180 -1 276 180 150 223 181 -1 128 182 351 199 184 -1 246 184 357 277 184 268 269 185 -1 127 186 220 273 186 -1 279 188 -1 263 189 -1 267 189 202 126 190 292 279 194 -1 128 195 284 235 195 245 239 195 -1 275 195 -1 225 199 172 229 199 224 126 200 284 208 201 358 218 202 69 136 203 -1 151 203 247 228 203 172 284 203 -1 126 204 -1 130 205 -1 154 207 -1 285 207 271 125 208 -1 129 209 229 158 209 -1 220 209 287 133 210 230 154 211 388 276 211 32 286 211 -1 158 213 -1 213 213 -1 222 213 360 255 213 -1 136 214 232 142 214 232 251 215 -1 170 216 -1 278 216 -1 219 217 274 223 217 190 247 218 305 251 219 -1 288 219 276 279 220 -1 226 221 64 292 225 300 277 229 155 292 229 -1 165 231 -1 293 233 225 167 235 -1 226 235 -1 274 237 41 295 237 225 168 239 277 225 239 -1 172 247 -1 281 247 278 175 251 -1 220 254 -1 176 255 -1 206 255 -1 210 255 -1 260 255 -1 216 256 -1 180 257 279 184 257 -1 256 257 301 206 259 -1 210 259 -1 279 259 303 251 260 -1 179 261 -1 255 261 261 259 261 261 209 263 366 279 263 -1 251 264 483 180 265 367 255 265 261 277 267 255 181 270 251 273 273 283 181 274 171 270 277 466 181 278 -1 266 279 466 200 281 142 184 283 -1 263 283 433 220 288 -1 236 288 517 250 290 482 216 292 281 214 298 -1 194 301 100 198 301 390 227 301 77 211 302 -1 203 303 218 207 303 -1 247 304 66 231 308 260 240 310 73 236 312 282 244 312 73 240 314 196
18 0.86028504570001885 0.00033917568732431822 -0.36655462118247006 0.35432645229300291 1.4430284356584262 3.740821123823749 2.2446971226001531 1 0017.png
207 128 39 195 129 -1 200 129 241 212 129 39 182 131 55 218 131 221 222 133 38 242 140 29 248 141 -1 234 142 198 252 142 236 198 143 -1 213 144 -1 256 144 -1 172 147 -1 213 148 266 184 150 -1 168 151 264 167 155 -1 268 155 150 213 156 200 226 157 156 207 161 53 164 162 203 193 162 201 241 163 173 199 164 136 203 164 136 275 165 -1 162 166 -1 255 166 -1 279 167 152 251 168 202 295 168 -1 161 170 204 235 170 222 255 170 40 268 171 -1 298 172 -1 217 173 -1 233 174 52 257 174 40 160 175 304 213 175 -1 302 176 -1 232 178 52 175 180 -1 304 180 1 159 181 -1 230 183 158 218 184 -1 305 184 -1 281 185 -1 207 188 -1 306 188 276 240 192 -1 226 193 224 157 194 163 272 196 -1 218 198 172 147 199 244 247 201 305 311 201 225 143 202 209 217 202 -1 290 202 34 207 205 69 212 205 -1 245 205 305 311 205 -1 216 206 287 289 206 -1 139 208 263 220 208 287 256 208 -1 287 210 41 224 213 -1 271 214 227 284 214 41 138 215 220 207 217 -1 223 217 274 227 217 64 137 219 220 265 219 207 144 223 -1 176 223 208 139 224 -1 160 225 247 143 227 -1 139 228 170 313 228 303 160 229 -1 143 231 -1 184 231 -1 165 232 -1 147 235 230 167 236 240 151 237 -1 177 237 -1 292 237 54 229 239 348 312 239 255 229 243 74 271 244 261 311 245 283 229 247 74 263 248 -1 267 248 483 271 248 261 310 249 283 174 251 277 264 252 483 268 252 483 308 253 466 304 257 433 224 259 -1 302 261 433 217 263 88 212 265 174 232 265 86 184 266 279 188 266 91 279 266 -1 207 267 -1 239 268 84 212 269 -1 216 269 -1 293 270 482 184 271 147 244 271 80 272 273 517 184 275 367 260 276 177 282 276 67 264 278 237 185 279 251 295 280 -1 186 283 234 203 284 142 223 284 -1 295 284 66 213 287 -1 224 288 -1 273 288 77 295 288 66 275 292 260 296 292 68 222 294 281 218 295 -1 279 295 82 290 296 73 223 298 -1 286 298 196 212 299 -1 216 299 285 290 300 196 213 303 -1 217 303 285 207 305 390 211 307 100
19 0.96254078777189089 -0.0077698939250092237 -0.19618256774732659 0.18699534950347713 1.2735454127722476 3.4767171150977343 1.9902942894692146 1 0018.png
224 131 236 248 131 14 220 132 -1 252 132 150 256 132 7 297 132 347 216 133 29 287 133 4 279 134 178 283 134 -1 293 134 2 237 135 22 212 136 31 297 136 3 184 138 221 191 138 38 195 138 36 199 138 36 208 138 198 302 138 1 179 139 39 203 139 198 171 140 43 175 140 39 263 141 152 303 142 -1 168 144 241 248 144 -1 164 146 241 274 148 18 261 151 24 175 152 -1 298 152 11 312 152 5 155 153 -1 293 153 12 288 155 19 152 157 55 208 157 -1 156 158 -1 201 159 156 212 159 173 287 159 21 317 159 6 152 161 137 182 161 50 265 161 32 232 162 40 276 162 30 303 162 -1 162 163 56 308 163 17 183 165 200 303 166 -1 289 167 26 153 168 197 184 169 53 210 169 222 282 170 111 327 172 10 210 173 52 306 173 28 282 174 34 160 175 199 179 176 136 328 176 13 175 178 61 332 178 -1 194 180 -1 170 181 201 280 181 -1 336 181 146 264 183 47 162 184 140 166 184 -1 343 184 195 170 185 -1 281 185 41 262 187 -1 163 188 -1 283 189 -1 192 191 -1 238 191 305 351 191 214 287 192 -1 214 195 172 300 196 44 356 196 20 215 199 172 352 199 262 342 200 27 356 200 262 269 201 -1 231 202 58 216 203 287 316 203 144 352 203 -1 166 204 -1 269 205 -1 312 205 114 223 207 -1 232 207 62 351 208 33 200 210 69 339 210 37 298 211 54 234 212 64 169 218 -1 269 221 -1 200 223 -1 335 223 433 168 224 164 271 227 -1 164 228 209 188 231 208 266 231 -1 270 231 -1 274 231 483 165 232 263 173 232 -1 329 234 -1 266 235 -1 270 235 -1 165 236 220 239 236 348 274 236 483 328 238 482 165 240 220 236 240 -1 240 240 74 167 244 -1 240 244 79 172 248 -1 182 251 -1 251 251 85 255 252 85 314 252 67 259 253 86 263 253 83 298 253 517 235 255 87 269 255 84 274 255 80 185 256 -1 278 256 81 287 256 75 294 256 177 298 257 517 335 257 66 234 259 88 335 261 68 224 265 -1 309 266 77 191 268 -1 223 269 174 333 269 73 318 271 82 329 271 196 194 272 91 227 272 90 322 272 -1 333 273 196 213 274 -1 197 280 147 235 283 -1 197 284 -1 236 287 93 199 288 234 217 289 142 237 291 93 237 295 322 232 298 285 236 299 322 225 301 -1 229 302 285 223 305 390 227 306 100
20 0.99972047059638514 -0.016126654625711143 -0.016860367448455916 0.0038261848659575338 1.0556991730457157 3.3902408962993547 1.8372948248715595 1 0019.png
260 105 -1 272 105 1 276 105 1 264 106 2 268 106 3 280 107 219 284 108 219 258 109 4 288 109 -1 293 112 5 298 115 6 305 120 176 291 121 107 231 122 7 226 123 7 235 123 522 239 123 9 222 124 150 315 124 10 291 125 -1 265 126 11 261 127 12 322 127 13 214 129 14 328 129 -1 335 129 146 340 129 195 344 129 195 287 130 109 276 131 17 245 132 18 256 133 19 359 133 101 298 135 -1 221 136 -1 233 136 -1 305 136 108 367 136 20 255 137 21 199 138 -1 204 138 22 194 139 236 233 140 24 366 140 126 370 140 262 256 141 112 285 143 127 359 143 -1 260 144 26 347 144 27 366 144 -1 370 144 103 270 145 111 274 145 28 186 146 29 232 146 -1 247 148 30 271 149 -1 185 150 31 233 150 32 251 150 -1 181 151 198 363 151 33 234 154 -1 254 154 34 178 155 198 174 156 36 207 158 -1 254 158 -1 347 158 37 169 159 38 277 159 -1 184 161 -1 237 161 183 207 162 -1 160 166 39 193 166 -1 204 168 40 255 169 41 300 169 144 304 169 144 156 170 43 188 170 173 283 172 44 303 173 -1 154 174 241 187 174 173 241 174 47 345 175 433 206 176 131 152 180 317 230 182 116 344 183 161 166 184 50 230 186 51 287 186 54 193 187 52 173 189 53 286 190 54 195 192 158 262 192 132 149 193 -1 153 194 56 345 194 482 199 195 -1 232 196 -1 203 197 117 152 198 56 346 198 482 232 200 58 156 203 199 210 203 172 169 204 -1 231 204 58 265 205 -1 214 207 287 233 208 64 218 209 287 355 210 -1 359 215 66 257 216 -1 335 216 67 360 219 68 203 220 69 182 223 119 362 224 -1 314 227 517 318 228 517 250 230 348 246 231 348 358 231 -1 362 232 73 250 234 74 304 235 75 358 235 196 334 236 77 362 236 196 214 237 -1 253 238 79 288 238 80 293 238 81 346 238 82 192 239 149 280 239 83 284 239 84 271 240 85 275 240 86 252 250 87 199 251 120 200 255 121 251 258 88 202 260 -1 263 263 -1 267 263 -1 272 263 -1 204 264 122 205 268 194 242 269 -1 233 270 174 237 270 174 228 271 123 224 273 213 244 273 90 212 278 91 215 285 147 254 288 93 215 289 147 255 292 322 254 296 322 248 297 285 230 300 321 250 301 285 245 302 285 239 304 -1 244 306 100
21 0.96904477936887756 -0.026074067710438069 0.17164646994211585 -0.17552734239247528 0.71164068360059785 3.4358873590217427 1.8116485966217002 1 0020.png
326 74 20 312 75 -1 316 75 101 308 76 -1 332 76 -1 336 76 262 304 78 195 300 80 195 335 80 103 296 83 -1 336 84 -1 292 86 146 288 87 -1 273 88 10 280 88 13 335 88 33 259 89 176 222 90 347 240 90 327 247 90 5 232 91 219 236 91 219 217 92 347 226 92 1 311 93 27 221 94 125 217 96 -1 330 99 -1 214 100 330 238 105 107 319 105 128 318 109 308 322 109 37 207 113 178 323 113 -1 251 114 108 247 115 -1 235 119 109 203 124 9 201 128 9 229 129 127 334 130 179 197 131 7 216 133 21 334 134 -1 192 135 150 217 139 26 200 141 -1 290 142 181 215 143 26 219 144 155 209 145 112 236 145 -1 286 145 -1 184 146 14 290 146 -1 294 146 -1 237 149 182 254 150 -1 290 150 -1 294 150 130 325 150 -1 258 151 144 262 151 144 192 153 -1 286 153 -1 290 154 -1 294 154 -1 327 154 482 179 155 22 332 155 -1 201 156 32 336 157 -1 328 158 -1 254 160 114 262 160 -1 340 160 -1 242 163 44 213 164 183 174 167 -1 220 169 41 171 171 29 351 171 66 170 175 31 180 175 -1 327 175 67 207 176 -1 251 176 54 269 176 -1 356 178 -1 168 179 198 211 181 185 186 183 40 167 184 186 191 184 334 359 184 73 211 185 116 359 188 73 213 189 51 169 190 -1 163 192 -1 356 192 196 360 192 196 364 192 -1 173 193 173 231 193 -1 360 196 -1 352 198 -1 313 199 517 317 200 -1 161 201 -1 180 202 -1 335 202 77 339 202 82 313 203 -1 160 205 241 160 209 -1 191 209 -1 219 209 62 195 210 117 199 211 -1 308 211 75 160 213 317 220 213 62 304 213 -1 300 215 81 180 216 136 224 216 -1 296 216 -1 160 219 -1 230 219 -1 288 220 83 284 222 83 158 223 55 166 223 56 162 224 56 189 224 140 248 225 348 278 225 85 209 227 69 170 228 -1 174 228 199 261 228 79 166 229 197 250 229 348 257 229 74 266 229 79 198 232 -1 202 235 119 205 239 -1 266 244 87 266 248 193 264 252 88 264 256 -1 218 259 120 219 263 121 223 268 122 259 268 -1 255 270 319 247 271 123 251 271 -1 224 272 122 259 272 90 231 279 -1 267 284 93 256 288 463 268 288 322 234 291 147 264 291 -1 268 292 322 264 295 285 260 298 285 265 300 285 245 301 171 256 301 465 261 302 100
22 0.87485629931475217 -0.025645332588989097 0.32234346278498582 -0.36064312618637484 0.72055283964221417 3.6185877051968882 1.9396437285731569 1 0021.png
239 42 323 237 46 -1 241 46 262 231 49 -1 228 53 101 250 53 33 227 57 101 222 63 195 220 67 195 257 70 435 232 75 27 261 75 324 216 78 146 273 80 307 241 83 128 241 87 308 285 87 179 291 91 -1 199 93 10 295 93 -1 195 96 176 296 97 -1 191 99 -1 187 101 5 301 103 326 183 104 327 179 107 -1 303 108 -1 172 113 219 306 113 413 168 114 347 172 117 -1 308 117 -1 168 118 -1 240 121 -1 225 122 -1 229 122 -1 167 123 125 310 124 329 221 125 -1 247 125 -1 267 125 -1 282 125 -1 263 127 -1 166 128 330 311 128 -1 267 129 482 271 129 482 263 131 -1 267 133 416 272 133 -1 311 135 -1 303 138 -1 166 139 178 312 139 -1 166 143 178 256 143 -1 312 143 -1 231 144 -1 167 148 -1 167 152 9 312 152 -1 180 155 -1 309 156 -1 165 157 450 277 157 331 184 158 -1 214 159 -1 304 159 -1 308 160 -1 164 161 -1 200 162 144 186 163 182 308 164 -1 200 166 -1 204 169 114 307 175 -1 166 177 332 195 177 44 292 177 -1 288 178 -1 273 179 517 166 181 -1 163 185 22 206 187 54 300 188 -1 163 191 236 187 192 41 189 196 -1 163 197 333 218 199 -1 189 200 47 164 201 -1 284 201 -1 288 202 -1 281 205 -1 181 206 334 285 206 -1 168 207 335 279 209 -1 170 212 -1 291 212 -1 171 216 -1 292 216 -1 175 220 -1 203 220 313 292 220 -1 176 224 336 199 224 -1 203 224 -1 242 224 -1 246 224 348 253 224 74 293 224 -1 207 225 -1 227 226 -1 223 227 -1 177 228 -1 201 228 -1 211 228 -1 242 228 -1 205 229 -1 216 229 -1 231 229 -1 291 229 -1 227 230 191 196 231 -1 223 231 -1 286 233 -1 290 233 -1 214 236 140 287 237 -1 217 240 -1 277 242 342 176 244 -1 194 244 199 180 245 55 184 246 56 188 247 197 224 247 343 275 252 459 274 256 -1 230 257 -1 270 270 -1 243 271 -1 244 275 122 276 280 322 256 291 -1 263 291 344 273 291 285 251 295 582 259 295 345 263 295 465 271 295 430 275 295 100 252 299 431 262 299 321 266 300 321
23 0.72611613134625619 -0.01858053500264387 0.45374713354362251 -0.51625930143553644 0.7482705315848418 3.8922754768384498 2.1675630507192727 1 0022.png
137 86 262 203 86 -1 207 86 179 211 86 434 194 87 412 198 87 412 215 87 -1 219 87 -1 223 87 -1 227 89 -1 235 89 -1 172 90 435 180 90 -1 231 90 -1 176 91 324 237 93 -1 241 93 -1 242 97 413 246 99 -1 248 103 -1 252 107 -1 150 111 27 256 112 -1 154 114 -1 158 114 128 156 118 -1 160 118 308 260 119 436 263 124 -1 144 127 415 214 129 -1 144 131 437 219 131 -1 267 131 -1 211 133 438 215 133 414 143 135 -1 219 135 -1 223 135 439 268 135 -1 227 138 -1 142 139 440 270 139 -1 142 143 -1 162 143 -1 271 143 309 183 145 -1 187 145 482 234 146 442 271 147 479 141 148 -1 186 149 482 237 150 417 272 151 479 141 152 444 187 153 416 238 154 417 160 155 -1 141 156 -1 153 160 -1 238 160 516 142 163 -1 237 164 516 204 167 331 143 168 504 236 168 468 207 171 469 144 172 449 272 175 312 231 176 -1 298 183 421 279 184 467 302 185 -1 218 186 517 222 186 419 284 187 314 151 189 9 144 194 450 144 200 423 148 200 -1 309 200 585 144 204 -1 311 204 -1 254 209 452 144 210 515 306 210 453 310 210 454 176 214 54 305 214 339 309 214 340 250 216 455 246 218 456 287 218 457 307 218 341 157 219 476 301 220 427 297 221 470 244 222 -1 164 223 503 172 230 497 226 231 192 284 231 507 225 235 -1 184 238 -1 223 239 495 283 240 459 201 242 337 282 244 460 221 246 474 235 250 -1 218 254 199 240 256 318 263 256 -1 211 257 -1 279 257 472 206 258 -1 216 258 197 273 263 498 277 263 461 276 270 509 252 271 122 277 274 475 268 281 463 252 288 -1 279 289 100 257 295 582 264 295 345 270 297 321 257 299 431
24 0.52580050724620531 -0.019170981993183806 0.56579353219042028 -0.63485744774755404 0.72638410230571693 4.1139952302731171 2.4010632045281364 1 0023.png
160 115 -1 164 115 -1 168 115 -1 173 115 -1 155 116 538 177 116 -1 147 117 -1 151 117 -1 187 118 -1 191 119 484 195 120 -1 144 121 434 200 121 -1 210 128 -1 134 129 412 216 132 -1 219 136 537 127 137 307 223 139 -1 118 143 324 225 143 479 114 145 435 200 146 -1 101 148 -1 84 158 262 231 160 540 235 161 486 250 161 487 290 161 -1 260 162 -1 264 162 -1 268 163 -1 280 163 422 272 164 314 276 164 314 147 167 -1 155 168 -1 276 168 506 303 168 -1 98 170 488 151 170 -1 146 171 414 142 172 438 160 172 -1 308 172 585 112 174 308 164 174 -1 168 177 417 312 177 -1 309 181 536 313 183 535 172 184 516 305 184 339 309 185 339 250 186 489 113 188 -1 174 188 516 308 189 427 129 191 -1 114 192 -1 174 192 468 287 193 457 299 193 470 303 193 490 126 195 -1 114 196 -1 175 196 -1 125 199 -1 236 199 491 114 200 -1 171 200 -1 175 200 -1 233 205 452 173 206 583 119 207 493 123 207 -1 129 207 -1 233 209 455 170 210 419 286 210 507 122 211 -1 126 211 -1 166 212 -1 160 213 -1 233 213 455 286 214 507 123 215 504 145 215 -1 149 215 -1 155 215 -1 286 218 -1 133 226 -1 142 231 494 223 231 533 285 231 460 222 235 192 284 236 -1 221 239 316 284 240 472 148 244 515 152 244 -1 221 244 -1 283 244 472 170 246 503 159 247 476 229 248 546 192 251 428 184 254 497 204 254 549 280 254 498 188 255 -1 192 255 -1 196 255 551 200 255 552 279 258 -1 233 260 -1 246 262 547 280 264 475 280 268 -1 280 272 557 279 276 557 244 279 501 256 280 -1 272 281 430 244 283 554 270 285 -1 245 287 502 246 291 555 254 293 582 250 295 582 254 297 431 258 297 431
