# 3D point list with one line of data per point:
#   POINT3D_ID, X, Y, Z, R, G, B, ERROR, TRACK[] as (IMAGE_ID, POINT2D_IDX)
# Number of points: 439, mean track length: 4.8997722095671978
583 1.9950156333488147 -3.3061689662380567 3.3366552517401078 157 150 87 1.9996736020379517 3 100 15 112 4 117 1 91 13 78 24 73 2 57 14 102
576 0.69724534112068515 -2.713840364528294 4.0518861043173828 181 166 88 1.0608700366361106 15 92 14 86
566 3.0059470417165057 -4.5041263074591322 5.4245869722178091 0 0 0 0.012014559906017757 1 39 15 72
564 -1.422941041370092 -4.1946911526914636 5.8956621524039976 36 40 32 1.1386298578640455 15 18 14 38
557 -0.13542895307685632 -1.7611045919167483 3.7935114076953345 73 69 46 2.3993392721329356 12 94 24 119 2 72 13 109 12 90 24 120 2 68 13 98
549 0.33189966005933375 -3.4005912033904684 3.3593271517721681 105 109 74 0.54444000586904795 24 108 13 103
540 1.3645760791737349 -3.6778997681083481 5.5560670947360462 77 74 45 0.8085760381712831 24 25 13 40
538 3.1946571331918538 -4.5947321720923542 4.8115127709767833 0 0 0 0.06772188108785078 24 4 13 35
537 2.0821509381014582 -3.7879210919178039 5.6443368533511391 0 0 0 1.18573841536464 24 16 13 17
536 0.052525171361362283 -2.2563546104186427 6.5414738245983557 110 115 87 0.36658665337983593 24 49 13 14
535 -0.15882457780935597 -2.2686201378431616 6.6818506359981926 0 0 0 1.2271330698186491 2 7 24 50 1 5
534 0.58911200021424748 -2.3076596059407453 3.5552197467219449 212 220 166 2.6350468315990172 3 80 1 76
533 0.49826817774902943 -3.2392389713802245 4.0184158829942342 143 135 79 1.1322108922002454 2 67 1 63 13 76 24 93 12 70
532 -0.071790624906118178 -2.9710821043996267 6.2022299792926727 166 174 122 1.3111766262185602 15 20 14 19 3 18 1 13
531 0.2008486222936236 -3.8264998015788425 3.1912067641177408 57 57 38 0.60380181105086983 2 99 1 102
530 3.112455209973009 -4.8559472491050517 3.2769222836800194 99 89 52 1.5299507516976965 2 56 1 100 13 65
528 2.6060191822389491 -3.2896080066897095 3.5639308240315564 100 90 55 0.031666569217327835 2 43 1 79
527 -0.24994166929055231 -2.8495963143372429 3.877916241203788 0 0 0 0.49416533640708848 3 64 15 89
524 0.72585677444492247 -3.234045220166065 4.2947104211444493 148 134 72 0.020953374040435367 3 68 1 53
522 1.3400215127586761 -7.5602589591670561 8.0327708091991585 0 0 0 2.1899026087908169 20 15 1 30
521 1.5399651827195591 -3.8060566063787644 5.7466332168869902 40 38 25 1.3306727520810087 2 26 15 48 1 29 13 28 14 31 13 33
520 1.7154510075822902 -4.0384070205911682 5.8328998950552258 38 36 22 1.5960932188911088 3 54 1 28 13 24
517 1.9343496582870794 -3.2844655599415238 3.2379686897800739 67 62 38 2.3250624195007599 20 127 19 147 8 89 20 126 21 108 19 139 8 87 7 96 7 100 9 51 6 110 6 113 8 86 18 131 5 127 5 128 17 142 4 118 10 42 22 81 11 48 23 73 3 103 15 115 14 107
516 2.3448032930972573 -3.187572787040553 3.5095101029445015 179 162 94 2.340375693095015 11 36 12 30 24 51 23 60 11 40 12 32 23 62 24 56
515 0.62101449150240384 -5.0024634321388159 2.8526817810231888 49 43 26 1.338083599267375 24 99 11 61 10 45 11 64 23 84 12 81 2 103 1 115
514 0.58232087677444089 -4.8054561246016929 2.8847754978248639 80 67 48 0.8176080934149651 3 101 2 104 4 104
510 0.34177924167856844 -2.4902510509202131 3.9051282448921016 144 135 78 1.3812494178817309 2 65 1 58
509 0.29797026037225577 -1.8753392358273575 3.7715590222235944 0 0 0 1.6052297168099825 11 96 23 119
507 -0.18635451714175025 -2.4731489367956665 5.5570297391356718 49 52 40 1.6816341164063524 23 101 24 79 2 38 24 85 13 49
506 0.35911336963115031 -3.2141609333485843 6.5848929270546153 109 97 60 0.90064929036316432 24 37 2 22
504 1.7085233436419744 -5.0257130353473185 2.8626411298794312 40 37 26 1.7688487115186802 11 47 23 64 12 65 24 86 11 44
503 0.35526308437443799 -4.548882047219216 3.1054169524085218 25 24 12 1.6525471391854416 24 103 11 72 23 98 12 84 1 106
502 0.30165076880591818 -1.9992780844802795 3.0541962591435148 33 26 21 0.96434689598028367 24 126 13 117 14 135 15 128
501 0.25989751632139052 -2.177685213893215 3.1949270692722074 38 33 25 2.0124168054255747 12 98 24 121 13 114
499 0.12651085875616819 -3.7798575292660326 3.5813058926931753 87 88 57 1.552838298371815 12 87 2 79 1 89
498 -0.26218484412871262 -2.1018487645682891 4.3505588797616817 71 67 37 1.693892945381952 23 117 24 109 13 81
497 -0.21713748980948291 -4.5898191784561755 3.3915424432614052 56 54 33 2.4185255278407585 23 99 24 107
495 0.29036979120302292 -3.2470585273820123 3.6534366117980026 83 87 57 1.7179047456068719 23 104 13 88 14 99
494 1.1243083341496773 -4.8876244395660517 2.9375584589184762 45 42 27 1.7493466444515393 11 55 12 71 24 92
493 2.1189804157068237 -4.7039934118135234 2.7921158333933964 54 50 34 1.1052111372928899 12 60 24 74 2 78 1 113
491 0.87978752137795946 -3.1825705773535931 4.730242737330884 147 127 74 1.1217559986267156 12 55 24 68 2 42 1 41 13 54 14 60
490 -0.19797937067526089 -2.3804770656158616 6.3291543685048754 58 62 53 0.013484965569104546 12 57 24 63
489 0.99885158066287527 -2.9391604199049453 5.1493116257800207 147 130 73 1.1387566892754095 12 43 24 54 2 34 13 46
488 2.9612958507796594 -5.0284292642817361 3.0686038065391763 41 38 21 0.47261034442616451 11 13 24 39 13 73
487 0.8297493970197658 -3.703634882401206 6.2660009725210939 32 29 18 0.5029264256128323 12 34 24 27
486 1.162251031009619 -3.788023057554025 5.7439105433606041 64 61 30 1.9262158395250584 12 33 24 26 2 33 15 45 13 38
484 2.8667672176120922 -3.7339755273024196 5.0574137264345485 32 31 20 1.734827748921244 12 7 24 9 13 19
483 0.78317038402323946 -3.4485548038940741 3.1070218685867839 224 207 123 2.4312116345011829 19 125 18 112 7 78 7 79 6 79 6 85 18 108 18 113 19 117 5 109 17 128 8 78 7 82 6 81
482 2.4991465090623288 -3.9331397625856686 2.9924002523187871 60 56 32 1.7522950901787746 20 103 19 126 21 68 20 108 7 87 9 26 6 109 18 128 5 131 17 143 4 125 22 46 3 109 15 120 11 29 10 20 23 51 12 40 22 47 23 47 1 105
479 1.9600030550431655 -3.4264549119971868 5.4883864022129663 63 60 36 2.2224857626064431 10 47 11 41 23 49 23 53 12 17 24 20 2 21 13 20 1 26 11 43 14 35
478 -0.52577453519784245 -4.7108949804822258 3.7684216062680607 68 68 40 0.42561619865978151 11 86 12 95 2 93
477 -1.0318570419780071 -3.8161427456516974 4.905989027663872 92 88 60 0.76846261395905358 11 95 12 88
476 0.41382739810124219 -4.6999133126442301 2.9804537651032121 97 92 60 1.6214583840172523 23 94 12 83 24 104 2 102 1 112
475 -0.12135606367238483 -1.8791993891790018 4.0444425871300211 49 51 27 1.2927455978281306 12 80 24 117 23 121 2 58 2 62 13 86
474 0.079687294769499192 -3.2491904200456956 3.7041704449004067 109 115 62 1.4112600733537648 23 108 12 79
473 0.43258363728559773 -3.2361717164272306 3.8837075528351814 136 147 99 1.3026351542429522 11 77 12 73 2 71 1 71
472 -0.17315213442613733 -2.0956705054420715 4.6215510173659275 63 60 40 2.0365524378789255 23 114 12 72 24 102 2 50 24 98 13 72 13 74
471 1.1439459683724664 -5.5883003452136215 3.3256346397642695 48 43 30 2.8788362205716131 11 52 12 69
470 -0.0814035422118293 -2.3854335235574564 6.1802001823765966 75 81 63 1.6531781211579522 11 75 23 96 12 59 24 62 13 37
469 2.2969778833118881 -3.3950295808752675 2.9175828275879057 207 179 100 0.286312446927944 23 66 12 48
468 2.2357114017697985 -3.1775539218550923 3.4614392556657165 218 192 111 1.1456138251410064 23 65 12 38 24 60
467 1.1606505428755982 -2.9613783893819696 5.4638901673503142 31 30 20 0.67245851971186621 23 71 12 35 2 29
466 2.2453273292958524 -4.4669399880345813 2.7572692109238783 17 15 9 1.9231054570544885 18 114 5 124 4 122 17 135 17 137 4 123 15 126
465 0.28077575275601518 -1.8056068253144253 3.005935655631736 0 0 0 1.6615642927713381 21 174 22 152
463 0.24781960350129043 -1.8928662543250558 3.4439978992176128 203 187 102 1.3984277265161527 21 165 23 122 2 74
461 -0.14254816781340043 -2.0505267250749712 4.3379213137173673 73 67 36 1.4109156065378634 23 118 12 76 2 55
460 -0.21718237707595872 -2.2806257081052177 5.0706283760235999 58 56 32 2.3354803992672712 23 107 12 68 24 94 2 41 2 45 13 55 13 58
459 0.11040661711323105 -2.2151648766033034 4.9421496702796031 41 39 22 2.3428078703024631 22 140 23 105 12 66
457 -0.060234381700318036 -2.6508929153324416 6.0675798205707387 55 53 33 1.5886816065397069 11 78 23 92 12 58 24 61 2 31 1 11 13 41
456 0.8974438249316552 -2.9902043322603293 4.0106918366100954 126 109 63 0.66422323778782588 11 66 23 91
455 0.78595466690462934 -3.0741743811012756 4.4009344022913224 130 112 71 2.1831978134206529 11 67 23 90 12 63 24 84 2 49 1 52 13 61 24 77
454 0.12945503137827899 -2.224495265477183 6.6750693461584385 63 64 46 1.5924697850260563 11 69 23 86 12 42 1 3 13 3 13 5 14 3
453 0.1253240031731041 -2.3138792871857201 6.5542477540963802 94 97 72 1.6001094862878922 10 88 23 85 12 44 2 5 1 6 13 7
452 0.83018081342294336 -3.1394257751610861 4.5981094196885675 109 95 58 1.6155518261256157 11 63 23 83 12 61 24 72 2 48 13 56 14 64
450 0.54709102607781768 -5.4942188339194482 3.2790853262109123 0 0 0 1.671503351899903 22 64 23 77
449 1.5006085592353668 -5.1537783188827824 2.9930732006601106 38 34 23 0.93359768037910373 11 50 23 67
444 1.9606032113634833 -5.1767008060184132 2.9426354002098791 41 39 24 1.813009259283354 11 39 23 54 12 62 2 80
442 2.5647338704390523 -3.3582580750326949 3.6112107358072363 201 181 112 1.4029924765181139 11 30 23 48 12 21
440 2.1546243740975437 -5.3742089141416516 3.1501553713328434 17 17 11 0.91953568449681189 11 31 23 41 12 54
439 2.6856552276600691 -3.6307924417642421 3.6183965955188211 234 214 120 1.4713841262120431 11 22 23 38 12 19 12 20
438 2.7476319369300555 -3.7332717001004503 3.3658156179937579 238 210 117 1.1056542391869331 10 21 11 19 23 34 12 24 24 42
437 2.3611793586704803 -5.299797402263362 3.1749625655695448 38 35 22 0.81498382006156456 11 25 23 31 12 50
436 2.5584518339945297 -3.8658245142517731 5.4872942274973688 55 52 31 0.7126227181829039 23 27 12 10
435 3.1432734998673313 -5.1188169031111794 3.7753660273477707 30 29 17 0.5159128822455491 22 9 23 11 24 21
434 3.2753805626311898 -4.5801492695989925 4.4190999149650052 27 25 13 1.3747712350913919 11 1 23 3 12 9 24 11 2 35 13 43 14 69
433 2.3632392984256434 -4.3182759908288322 2.8318843330323129 45 43 25 1.811051153395612 18 115 4 124 3 113 15 125 20 88 19 110 18 117 17 140
432 1.4971501752446621 -3.2181710782647706 5.3044649249731668 65 64 35 1.8561786166998513 10 55 11 51
431 0.007553952611707734 -1.8696871713236884 3.0619822815845446 62 58 36 1.2784769455705396 10 114 22 155 11 109 23 128 12 105 24 130 24 131 15 123 13 121 13 122 14 138
430 0.14620493242637686 -1.6762206957471264 3.4632081156077286 98 89 59 1.3585013708709188 10 110 22 153 11 102 12 93 24 123
429 -0.92344499441635186 -3.6183012658700924 5.0368574350119841 65 68 52 1.937134239372539 10 95 11 92
428 0.14160676391587895 -3.9120509369471526 3.4077775067753611 97 88 66 1.5731513808400861 10 64 11 82 12 86 24 106
427 -0.17118319954464084 -2.2577439268826702 6.4335175750215603 46 48 38 1.6774759461268005 10 97 11 80 23 95 12 52 12 56 24 57 2 23 2 15 1 8 13 29
423 0.68167040709455518 -5.2661842574836601 3.0167911413008914 107 94 58 1.4297516296175163 10 40 11 59 23 78 12 77 1 110
422 0.78111915757076433 -2.8384807531238718 6.3533778041218287 50 46 29 1.9910145602960156 10 74 11 57 12 26 24 32
421 0.80654772351254167 -2.7726818452781865 6.516637377462021 33 33 19 1.4122619751753462 10 75 11 56 23 70 12 27 2 3 1 9 13 0 14 14
419 2.002117312914371 -3.2462881414052536 3.1886136960596865 155 139 83 1.9267931638993971 10 41 11 46 23 74 11 49 24 78 2 61 12 53 13 82 1 96
418 1.7346825810187818 -3.2475218944810336 5.3171941204947171 72 68 42 2.7468370070726982 10 52 11 45
417 2.4833677270606582 -3.2716184945302191 3.5826346926327934 154 143 81 1.9257241300664023 10 36 11 33 23 52 12 25 2 44 24 47 23 56
416 2.4388475753461525 -3.8671854241918746 2.9316005910750249 194 173 94 0.75452925226179912 22 49 11 32 23 55
415 2.4477869849749574 -5.3208789860204719 3.2181855499988443 27 26 16 1.4258938811595521 11 23 23 29 12 45
414 2.7459797787989735 -3.6196388313529346 3.4026110758353152 162 149 92 1.4221809322278636 10 25 11 21 23 35 12 23 24 41
413 3.1165833920492876 -4.0374190318502992 4.7445433982224126 24 22 13 0.81798534360487596 22 29 11 11 23 17 12 2
412 3.2216306535604753 -4.7763319986805071 4.1825665036668811 36 35 21 1.9485989083581901 10 9 11 6 23 4 12 14 11 2 23 5 24 14 2 39 13 47
411 -0.81789059129836983 -4.8924231366185529 3.9399104127072699 85 89 60 1.4164083454559684 16 68 15 75
410 2.7356059247795894 -3.4700328086054935 4.7663864469937911 0 0 0 1.6840380778819408 3 82 15 91 16 94 15 85
408 0.45116138109622206 -1.7808265892217996 3.3195475461862682 68 53 46 0.96193507295294944 16 125 15 116
406 -0.098669250927617871 -1.9009450266986292 3.4494275684869069 243 220 177 0.14122528548390845 16 112 15 108
402 -0.17978390923532839 -4.1977380616408668 4.7809410852071128 0 0 0 2.3835659137116174 3 56 16 62
401 -1.2952232552054477 -4.0310043469281354 4.3470865606688553 85 92 70 0.46638906294765325 15 60 1 66
400 1.7965200262261545 -3.7824906442241324 5.6781593950051228 15 13 7 0.26336282946061962 3 55 15 51
399 0.057968255925293595 -2.5312144485946697 5.167148376147578 237 224 142 0.54443203987940125 16 69 15 47
397 0.26020354741099211 -2.9286787743125275 6.0589704274664502 226 233 177 2.1504852320818713 3 21 15 25 14 22 14 23 15 31
396 0.020868418777047655 -3.0641044818157495 6.1371359846375402 237 244 209 0.94873158221776299 16 33 15 24 14 24
395 0.58863376210579532 -2.5334089665365394 6.1812883861423691 0 0 0 0.52007871341047684 3 19 4 46 16 54
394 0.60078992712680668 -2.7208960789921695 6.4614568636320193 107 105 80 0.055552821552796401 3 17 15 19
393 -0.67006307724339653 -3.5915709517380932 6.4288692132878715 0 0 0 1.3180493186698252 3 12 15 10 4 18
392 0.099916769471158962 -2.5149759957943556 6.9000383751566039 0 0 0 0.67185361004584787 16 22 15 6
391 -0.083756137625719859 -2.792561100535079 6.9875003563671747 0 0 0 1.2679816835654076 16 18 15 0 14 1
390 0.25517783910614639 -1.5698680596194274 3.2487380701124464 131 125 92 1.8548916491250222 19 175 6 122 17 147 6 125 7 137 18 159
389 -0.21220712629307001 -2.1972869383046607 4.1106329984591605 226 238 215 2.180333859178222 5 78 3 50
388 0.43571007387814975 -2.8070204410699984 5.9994617196170514 35 36 28 1.4527241828749757 4 47 16 52 3 23 17 77 15 32
387 0.090195454143070869 -2.0743841265493512 1.6736009022311158 0 0 0 0.62430963839993625 5 126 7 111
386 0.64603243737629146 -4.7924810156162669 2.9607873020837441 116 103 77 1.452258718536882 4 97 16 98 3 99 2 100 1 111
385 0.26360856990389164 -2.0344398663872876 3.0735602656318299 207 205 136 0.5632658221350314 4 100 3 93
384 0.17674282391381366 -2.0400181669467821 3.0746632157051099 220 221 156 0.30662121176602963 4 93 3 90
383 0.42948567065351378 -1.8042761456806953 3.2096136677946259 223 213 124 0.053018162266780203 4 105 3 87
382 0.05325710500500213 -2.0004079615116126 3.0824403395605833 217 220 137 0.33958673891019631 4 89 3 86
380 0.082450979078106501 -3.9725298106047715 3.8976890359515113 191 193 157 1.1962282639417481 4 76 3 77
379 0.94731071857671256 -3.1877482164106206 5.2346776199692417 19 18 12 1.6161382082538669 4 72 3 47
378 -1.682908048141847 -4.1216859955695391 4.3326031355268269 167 186 135 0.94825542780630379 16 35 3 43
376 -0.1897620844874317 -2.4954518541259612 6.832954052526043 16 17 13 1.934662546200274 4 17 3 1 13 8 14 4
374 0.4159761654746037 -2.2979693802069319 6.282947347001822 22 23 18 1.3047782800822474 5 65 4 38 16 45 4 35 3 11
373 2.6370985833146166 -3.1610929819971965 3.3039692684025206 13 11 7 1.1405742153055585 6 130 16 128 15 118
372 2.6107225990500642 -3.3400473992337756 3.6020056006639924 34 35 23 0.82488948144095775 4 121 5 133 16 119 3 102 15 111
371 2.6951326630909374 -3.242844089421915 4.0715110379887811 12 12 7 1.1393314589756296 4 115 16 115 3 97 15 103
370 2.6781406875539484 -3.2546614596339563 4.3331627726206747 26 22 15 1.6917973357734002 4 112 16 107 3 95 15 97
369 2.6808428718507304 -3.3220525063113957 4.4896618869752389 0 0 0 2.0636325204251373 4 111 16 102 3 88 15 95 5 125
368 2.4006874616348552 -3.1671260577807239 4.6416054226635302 13 12 9 0.019228813278762979 4 109 16 99
367 -0.078206490269725357 -1.7764888671810315 3.9428815021192274 123 111 71 1.2698924069227839 17 129 16 97 18 132
366 -0.074393628495321523 -2.3105040023029759 3.616674946506484 223 240 215 2.7031326529711213 17 126 16 95
364 2.4809710068734492 -3.361559971342833 4.9404191653079961 0 0 0 1.3226618855804155 4 98 16 91 3 75
363 2.0043679235669898 -3.9319043096987172 4.5344738434996295 138 130 86 0.38579391203899083 4 96 16 88
362 2.4169920118152475 -3.830864106373765 5.5250635610582615 0 0 0 1.2366126155205073 3 66 1 34 14 40 4 88
361 0.57896629101613628 -5.7414052030840717 3.5593858086868244 98 106 70 1.0720362521424991 4 85 16 85
360 -0.3149999265829409 -3.4596089927878539 4.2492366280515004 138 154 119 1.7924366770105931 17 82 16 76
359 -0.7665227629628375 -4.6316871742726997 3.7292886578820856 127 131 74 2.5894181450320528 4 58 16 72 3 72 15 79 15 81 16 75 3 74 1 95
358 -0.59581666566927105 -3.2409788255279537 4.5243614058106223 220 242 204 0.24298535670848895 17 62 16 67
357 -0.54812219979237109 -4.5277988730930865 4.3144155978596821 134 149 110 1.2284927297468236 4 53 17 45 16 65 3 63 15 68
356 0.86315390814035375 -3.1306538503123922 5.9012836698253501 41 36 29 1.322042589040302 4 57 16 64 1 17 1 19
355 -0.059521597015606789 -2.3711314777766814 5.9705999493473056 235 242 209 0.31870331884989861 16 40 15 23
354 -1.7494175231435833 -4.1159054468651348 4.2465429640089454 170 174 127 1.3770402684492071 4 25 16 36 3 45 15 57 14 82
353 -1.215253726721633 -3.9843901860168542 4.8217423716477175 186 205 156 1.2340567635848725 5 16 17 22 16 31
352 -1.8072503248479732 -4.2378717349193487 4.3497677664838266 142 140 97 1.1612914947198283 4 22 17 10 16 29
351 -0.070684975522670918 -2.5982839338234816 6.9115744269319785 25 25 17 2.0767910622204879 17 43 16 20
350 -0.35891950561271768 -2.738529546711804 6.8163527846351437 29 29 22 1.3790214770247264 5 36 16 13 15 2 3 3
349 -0.96506838418511343 -3.7786746422547712 6.3273558322900154 0 0 0 0.854532106417217 5 19 16 6
348 0.54365701338287553 -3.1797898959729349 4.0172348493322403 162 167 129 1.8902431297322371 10 72 22 111 20 129 19 124 21 144 8 96 7 88 7 89 9 81 6 78 18 101 5 91 20 128 21 137
347 1.0936302139587513 -6.4309630025194107 3.803245042988316 0 0 0 1.8061411387056328 10 27 21 17 22 30 19 5 21 22 8 0 9 13
345 0.0087621768452080303 -1.8207587599175565 3.2775421150198927 123 109 62 0.9629791584592432 10 112 22 151 11 108 23 126 13 116
344 0.046540336512848848 -1.8152298663413271 3.5087649353999839 178 159 94 0.31087585707614179 10 109 22 148
343 -0.98909389522356439 -3.2607650650580404 5.1778043239306237 69 73 56 1.9596640028939387 9 99 22 139 7 76
342 -0.31407571705739212 -2.3727267054727834 6.4800244962033187 42 38 29 3.1815193963951156 10 100 22 133
341 0.068296315559791584 -2.1166109301507334 6.3181007038350225 75 80 59 0.76187445857277891 10 96 23 93 11 76
340 0.12627309874956705 -2.1319919165691954 6.4765259497686722 73 75 54 1.1432486883593762 10 93 23 89 11 74 12 46
339 0.036940990837799816 -2.2497124153689816 6.4263942245942784 106 112 80 1.9538475793983761 10 92 11 73 23 88 12 49 24 52 2 6 2 12 24 53 13 21 12 51
337 -0.66743488311884658 -4.0500840090675743 4.0677783352675148 160 155 87 1.3936665147555811 10 83 23 106 12 96 2 81
336 -0.98495342797960506 -4.4650615881590605 3.9842190118952479 37 36 22 0.26676345589847572 10 82 22 107
335 -0.6923634103389894 -4.876177896385677 3.8002601592816867 22 22 12 0.36586931442398402 10 66 22 98
334 -0.38328389210163594 -4.6095558562356027 3.8267073696334055 175 173 116 0.34479526938724758 21 94 22 96
333 -0.62576312097831777 -5.1783381971286424 3.8448286894992822 51 51 37 1.0155383641495683 10 59 22 89
332 0.3402462938429815 -4.9623254041250453 3.0688318652997548 87 85 55 1.9771557165301206 10 51 22 77 11 70 12 82 2 101 1 109
331 2.3198409382247518 -3.4787489644520835 2.9108800793053193 224 193 112 1.585611497747859 10 33 22 65 11 38 23 63 12 47 2 69
127 0.97941469919891644 -4.9693774348538726 2.6838648821218531 122 111 63 1.8637773526249064 20 46 21 40 8 19 9 24
126 3.1394862682563573 -5.2490997428595643 2.9110605050938223 88 74 48 0.49670187263430809 20 43 8 17
125 1.0286369507895661 -6.2095731912149645 3.622612171506677 22 24 14 1.55716668213312 21 25 8 2 7 2 9 17 6 36 22 37
123 0.11365657111911709 -2.2004277315352656 4.0789343745496893 186 184 131 0.096478909199278345 20 160 21 159
122 -0.44245403708458259 -2.3817546717667617 4.0349706758823238 97 105 91 2.4318032047800724 21 156 8 113 9 108 20 155 21 161 22 145 8 112 23 120 10 107
121 -0.52846470670491241 -2.5611730681275247 4.3229775910954054 61 71 58 1.0178088199322068 20 149 21 155 9 106 10 105
120 -0.58706498093789794 -2.6547845939774537 4.4008574788273469 98 112 97 1.7318373774844666 20 148 21 154 8 109 9 105
119 -0.96858801390477656 -3.3788461936086254 5.1352519667037582 56 62 48 0.89591399070636801 20 124 21 148 8 101 9 97
117 -0.52897897777838465 -3.9697991480563708 3.9105085825695625 137 139 84 0.62220680741432599 20 106 21 119 8 68
116 0.092643289291653538 -4.3310559409734006 3.7539655696950991 148 154 101 1.4838330406222309 20 91 21 96 8 51
114 1.2175776641149283 -4.3003606962272336 2.7482531375152197 246 225 128 1.5841134730094564 19 99 21 74 7 53 22 75
112 0.47253689625008366 -5.0213171174279747 3.0045195369683113 162 164 121 0.73818649318392116 20 45 21 51
111 1.1683224390848737 -5.2972278650598836 4.0147589094480569 0 0 0 0.30368435517225995 19 58 20 52
109 1.1478445457437685 -5.2820037384839589 2.9779137993525771 122 112 52 1.0273850421737696 20 28 21 37
108 1.4238587268811698 -5.1131935000808459 2.7407084884132979 165 161 110 1.0746588686769041 20 36 21 35 8 13 9 18
107 1.3149449247239189 -5.5645589022356159 3.1001158542567513 106 94 57 0.20611549507995131 20 12 21 29
103 3.2040699877127059 -5.148410712938416 2.8382687368986721 53 46 25 0.011615586514415683 20 51 21 8
101 3.0289080801263983 -5.4694221070577163 3.0989984957277859 36 30 20 2.098445987188176 20 32 7 51 9 2 21 2 10 4 22 4 22 6 10 2 11 10
100 0.34066133378260027 -1.6082381481328902 3.2767481082721246 76 68 38 2.0749091710951797 20 174 19 176 21 175 8 125 7 135 7 138 6 123 6 128 18 160 5 117 17 146 9 114 10 111 22 154 23 124 11 103
93 0.52502755557585234 -1.9759741296477895 3.360901642619921 15 14 8 1.7544324145377148 20 165 19 169 21 164 8 117 19 166 9 107 6 111 7 131 7 129
91 -0.32782932249341207 -2.0307375802377936 3.8643038679852615 48 56 47 2.2231602286290277 20 163 19 158 8 116 18 122
90 0.4176233327904969 -2.2257014338204781 3.7113290260589986 75 77 50 1.6262845643365693 20 162 19 159 21 162 8 114 7 125
88 0.63561319131038585 -2.5585553416414384 3.9515746321928407 53 50 25 1.433946283598696 20 150 19 149 21 152 8 110 7 106 6 103 18 118
87 0.73464556477853737 -2.6843348826256608 4.1578336325147598 79 79 51 0.90765581531587003 20 147 19 140 21 150
86 1.2910653367861342 -2.9383778214272924 4.0153022434358761 26 27 16 1.7485492820604325 20 146 19 137 18 120
85 1.1546919347881981 -2.9622602842830363 4.0427574949010667 14 13 10 1.4804316274337492 20 145 19 135 21 138 19 134
84 1.4595307922317109 -2.9802316886759441 3.8592636263676048 40 41 25 1.9391668033517442 20 144 19 141 18 125
83 1.3380062331751681 -3.0063298118840778 3.8823754509662605 46 48 29 1.4361150465086201 20 143 19 138 21 131 21 132
82 2.3430663079207874 -3.026007779995342 2.905583274220473 52 45 30 1.6441906625727598 20 141 19 156 21 113 9 50 7 120 6 131 18 150
81 1.6216339453672266 -3.0397495112365567 3.6750882657737729 39 38 26 1.7588890530773054 20 140 19 144 21 125
80 1.4968814828714296 -3.0053601170887441 3.7146394688776678 43 43 27 2.2255937156287651 20 139 19 142 18 130
79 0.7999698441709191 -3.0196571751391375 4.2455357881331599 97 93 63 2.0587816200471716 20 138 19 131 21 146 8 102 8 104 7 93 7 99 9 82 21 142
77 2.3046128945462656 -3.0640804828074666 3.1741197485611865 27 23 14 1.3781535394534323 20 135 19 152 21 112 9 53 18 144 17 148
75 1.7931132828352689 -3.0947772985889257 3.5232521115901285 37 34 25 1.5155287622380869 20 133 19 145 21 121
74 0.64830872319758548 -3.0985768725084526 4.029865878023549 147 148 99 1.8633852255795809 20 132 19 129 21 145 8 98 7 90 9 83 6 84 6 90 18 103 18 106 5 93 10 69 22 112
73 2.6857929167282499 -3.2038058860653367 2.734013701745897 56 49 29 1.6598787655696454 20 131 19 155 21 97 8 76 21 95 7 110 6 132 18 151 5 138 17 154 17 156
330 0.86750687038876717 -6.206104346215688 3.7298947079577451 0 0 0 1.0119073974051309 10 34 21 28 22 44
329 3.0162555000514288 -3.5196779470578465 3.391999821338743 30 32 17 1.9999740445690355 10 17 22 38
69 -0.50260295440028269 -3.4684141859811044 4.4019419827545558 227 246 198 1.5746290005403223 20 123 19 103 21 139 8 92 7 69 9 90 6 45 18 66 17 63 10 87
326 3.1633530137041475 -3.9010959600312556 3.4402845206687291 0 0 0 0.32497400413878963 10 13 22 24
68 2.658940127067511 -3.4176131016499274 2.6992839333149372 35 31 16 1.4616439267909118 20 122 19 150 18 147 5 137
67 2.3233846173692125 -3.5420438335133917 3.1310666646810774 78 68 46 1.4579627149244569 20 121 19 136 8 71 7 94 21 85 9 38 6 115 18 134 5 132
324 3.1123056176016228 -5.0327600629815281 3.817234195868723 45 40 22 1.4796860415253841 10 6 22 11 11 9 23 14 12 16 24 19 2 51 1 86 13 52
66 2.6579939524133835 -3.514486900665017 2.7573673983442943 11 9 4 1.405917567130577 20 119 19 148 21 82 8 66 7 97 9 32 18 141 18 145 6 127 5 135 17 152 4 127 16 132 15 131
323 3.3392051778406966 -5.4226141252627809 3.0678450020805141 0 0 0 1.427479030280794 9 0 10 0 22 0 12 18
64 0.31556395605586302 -3.7162598445195685 4.2720127801581782 158 171 129 2.0633490972734432 20 116 19 106 8 83 7 74 6 64 18 82 5 75 17 95
321 0.035083919466367401 -1.7040696444056447 3.3209346426370683 93 80 46 1.8763395223247354 9 116 10 113 22 156 22 157 20 170 23 127 12 102
62 0.033199751166513101 -3.7381162342348242 3.9823056585362129 161 170 118 2.2203978792555668 19 101 21 118 21 123 9 73
319 0.30835914455442892 -2.2539040336605534 3.8106308874312793 117 103 65 2.1742449304705951 21 158 10 99 11 88 9 104 12 75 2 63
61 -1.2895816132017768 -3.9883173884329435 4.8088069345299216 82 88 71 1.0596492297886158 19 66 9 86 10 91
318 -0.62736989239384022 -2.9947896670640497 4.371207803713423 65 68 57 1.4522309597771195 9 101 10 98 23 111
570 -1.5940291726524147 -3.9086883262686301 4.6902578168183862 142 152 116 0.3382372648184318 1 56 14 68
29 -0.93641959805207431 -5.2968764042161274 4.321577715995077 20 21 13 1.2914763395696702 20 54 19 6 21 81 7 8 6 9 18 7 5 20 17 21 4 50
569 3.1067657997753386 -3.8512356822510352 4.5187596248742627 0 0 0 0.66063095927871895 1 51 14 65
28 0.73202858746776056 -4.8611821922045477 2.6903168632622725 120 109 60 0.21287588833212434 20 53 19 61
285 0.37905309860619529 -1.7362248181259814 3.2327859094911338 139 125 74 2.3831221450090783 20 172 19 174 21 171 8 124 21 172 7 133 20 171 6 119 18 155 18 158 20 169 19 171 21 170 8 122 9 112 22 149
27 2.7949339458000004 -5.190182450916871 3.2291838247536382 45 41 26 1.515624054232982 20 49 19 90 21 24 8 23 9 9 10 5 22 10 11 15 23 21
284 -0.015785954583441467 -2.2406827422038167 6.5345599210147824 24 26 20 2.1690418082565861 5 55 17 61 6 83 5 53 17 55 4 24 16 25
567 -1.6246563444962154 -4.2521100992979184 5.2637326777994096 75 80 61 1.5444072327948699 1 45 15 37 14 49
26 0.62084815097836488 -5.0457048532394637 3.1523815740865659 177 190 139 1.9508154087480361 20 48 19 54 21 46 21 49
283 1.8746542449365295 -4.480592805438695 2.684185959400752 44 39 21 1.9341396180175949 18 105 5 121 17 133 18 110 4 120 3 111 4 119 2 82
565 2.2652402649691075 -3.9870980639083164 5.6454246597375137 0 0 0 0.65415877096863406 13 11 15 64
24 0.17691766866816405 -5.2972605757722366 3.8040311138472558 106 123 102 0.92529704954716374 20 42 19 30 8 26
281 0.12522547346262861 -1.9376034500222226 3.0501305744033247 108 96 55 1.0464838102777589 18 148 17 144
563 -0.9010212513025031 -3.277411851373591 6.0107826183512945 52 58 47 1.6764278994356268 13 51 14 28
22 -0.46368624817822307 -5.4284496193443266 3.9515604085271492 29 28 21 1.4504069467866916 20 40 19 11 21 69 7 3 8 24 9 43 10 56 22 83 11 79 12 89
279 -0.092427494748887493 -1.9408552474848015 4.081293419497106 139 148 113 1.0982806645146161 18 121 17 116 16 89 15 88 14 90
562 -0.749045028213148 -3.225303689876982 6.1607616283846269 35 38 30 1.2597971017914436 1 18 14 27
21 0.63688785995095054 -5.2819956478168857 3.3730984057916484 155 162 137 2.1832141794181958 20 38 19 42 21 43
278 1.0649154676544703 -4.8640262984534397 2.9239927784520363 51 45 27 1.7244319162505417 5 94 17 108 4 110 16 101 3 104
20 3.1613860815952992 -5.387201728199118 2.9786953878376621 9 8 5 1.5986052026230406 20 37 19 87 21 0 7 54 6 94
277 -0.055619246227525974 -2.1182559896259892 4.6915044752704773 80 86 68 1.5984086537843327 18 111 17 105
560 0.73849242661552894 -2.9108962533292537 6.4425124884086902 107 101 69 0.42516154765241837 15 22 14 16
19 0.55352553135001981 -5.290630221220928 3.2248414002175325 162 175 128 0.15489986463343441 20 31 19 36
276 0.93200359774989261 -5.7378173741677028 3.2431203194692695 30 35 22 1.986704840779117 18 54 17 93
559 -0.16629592999266465 -2.3865083581115272 6.6082069590399861 135 146 105 0.51052561162014876 1 7 13 22 14 9
18 0.42769010605910296 -5.4774308631066031 3.6530413115017843 133 144 106 0.35453391111131238 20 30 19 29
17 0.76850733940328497 -5.149100733041065 2.7293742759487554 90 88 45 1.6174448072634104 20 29 19 51 8 10
274 0.22391997586820583 -3.6656409694273675 4.4241428597756105 198 220 169 1.5693995644205585 18 81 17 89
555 0.16374358120888755 -2.0262130271872043 3.03223205098862 54 45 31 0.10689903723477778 2 88 24 127 13 119
14 -0.25582497914122648 -5.6293404096636168 3.951520186489025 21 20 12 0.78498793225649077 20 23 19 1 21 54
271 0.013990940052407658 -5.147396762555104 3.3430708946662984 71 71 54 0.40421738046341393 5 56 17 71
542 3.2270485196208156 -4.9132210959940537 3.5146470707538899 0 0 0 0.36809008498890627 2 53 13 57
1 1.1709223484551685 -6.187245679836594 3.5924182648282801 22 21 12 1.5678923302029668 20 1 19 19 21 23 8 1 8 3 20 2 7 10 9 16 6 38 18 47
258 2.3846139712831489 -3.192077947934469 4.4791310277967309 0 0 0 1.1996856155601345 6 117 5 123
543 1.6717529796953332 -4.0450200813560464 4.0804795253950941 250 249 143 1.8642668959468129 1 68 13 60
2 0.88702650055706533 -6.16135828938069 3.6685384683737592 53 53 37 1.0552118625105629 20 3 19 10 8 4 7 7
544 2.5481004068077175 -3.3680736179334319 3.5269544433038318 159 139 72 2.6181147272188983 1 80 13 63
3 1.0168538558786355 -6.166296438330221 3.6500629325190523 0 0 0 0.34753744766019723 20 4 19 13
260 2.721735222631211 -3.1162651414113793 3.1103115741870759 14 11 9 1.0727671108273049 6 133 5 136 17 153 18 146 4 126 16 129 15 130
545 2.0690056447605003 -3.1890760844730419 3.1312645077059575 172 163 92 0.74753848093020092 2 60 13 84
4 0.72906774770310401 -6.0559531271563936 3.6386161404677066 42 40 26 1.9317705729274532 20 7 19 7 8 8 6 31
261 0.69015847123366125 -3.5712708269640259 3.0207193858204873 187 174 113 2.1178091859926806 18 109 5 104 7 73 6 76 18 104 5 100 17 124 17 125 17 130 4 108 4 107
546 0.10502656077712129 -3.0525176506484581 3.7938639134632979 71 68 46 1.8454685953226893 24 105 13 90
5 1.6819239148536169 -6.0767100709412949 3.6789593988517697 26 26 15 1.3387621474890175 20 9 19 33 21 19 8 7 7 21 22 23 10 18
262 3.2955529498900891 -5.3229048914103165 3.0665815795460603 32 30 18 1.9095345634550371 7 59 6 98 20 44 19 91 21 5 8 18 7 60 9 1 10 1 22 2 11 0 23 0 12 22 24 24 2 59 19 89 1 107 13 70
547 0.25177441809990309 -2.3881793040108623 3.6361722589295455 100 89 62 2.0084966473386032 24 116 13 95
6 1.6466763140514389 -5.8203862238836832 3.3528372351678879 24 23 13 1.1920454238565423 20 10 19 43 8 9 7 29
263 -0.2995413500099447 -2.6349998466272959 6.8408435236385605 49 53 45 1.6313158590529167 19 118 7 102 6 71 5 39 6 66 18 72 5 38 17 36 4 11 16 15 3 2 15 1
548 1.924397689648615 -3.1388594257323024 2.800490101548216 80 71 43 1.4817588758105447 3 112 13 96
7 0.14920667963539916 -5.9173951255063724 4.2057333647589275 21 20 11 1.7078865382845816 20 13 19 4 8 21 7 11 21 42 20 14
264 -1.5977262232302663 -4.0171061998688957 5.6086869681602822 50 51 36 2.0623420090940709 5 9 18 17 17 3 16 7 16 8
550 0.99665511240385951 -3.8656856142101454 2.9521185691360827 53 51 32 2.6009422901917887 1 108 13 105 14 114 13 104
9 0.34586127702418101 -5.811639202724403 3.8104883413528121 40 43 31 1.688361930652049 20 16 21 38 8 16 21 39 7 9 9 27 6 27 22 60 10 44 23 76
266 -1.4121099824408767 -4.3831282512262053 4.4013761214736427 211 222 181 1.1040636775814738 18 15 17 16
551 0.46476249863497487 -3.4613961361901806 3.2071101988676283 104 105 71 0.86838647459223117 24 112 13 107
10 2.081462023759189 -5.6551879751464007 3.3267477683720208 21 18 12 1.7455836935728632 20 18 19 59 21 13 22 18 10 15 11 35
267 -1.1236345812620823 -4.8167097867136519 4.3536972841152073 90 88 54 1.2239145771064399 5 18 17 19 4 42 16 48 15 62
552 0.40184888086595488 -3.4097164179764636 3.2581242285184344 94 94 66 0.21196790013810243 24 113 13 108
11 0.71182001334808831 -5.4198486325458148 3.099200805868469 140 160 108 0.38977407664747349 20 20 19 32
268 -0.28977788891372386 -5.5018613606370792 3.8227747964247705 83 85 52 1.8782219340330684 5 41 17 46 4 70
553 -0.13321231812547302 -1.7199652389312088 3.6392501677273787 104 101 65 0.17644069277923952 2 73 13 112
12 0.67224314473733826 -5.4210279497193223 3.2188316330483193 153 176 124 0.64842045956335981 20 21 19 35
269 -0.27150962974504805 -4.8825505737933188 3.3734151466788433 82 93 69 2.0763110463878318 5 51 4 80 3 91 1 103
554 0.39050361116147758 -1.9988510192996121 3.0858599670707032 40 37 25 1.6950392125073153 24 124 13 115 14 133 15 129
13 2.3040678905915515 -5.6522228900252927 3.430146841489417 18 18 13 1.3639258962560037 20 22 21 14 19 65 9 8
571 3.2667936762666332 -4.2272863045539175 4.5538785930657957 0 0 0 1.6291449949638503 1 54 15 93
30 0.36723432295931785 -4.998549726692965 3.3244962856411715 229 233 176 0.81766725216092817 20 56 19 48
287 -0.1293125880027669 -3.7239788051685507 4.4073888220272259 165 174 111 2.224490432670974 20 117 8 85 7 64 9 79 6 50 18 73 6 52 19 94 20 115 18 70 17 75
572 3.0161715807404677 -3.4936451688588561 4.1076719686679102 0 0 0 0.025321331050540328 1 60 14 78
31 -0.96022743109193109 -5.1861552397055659 4.277695536761617 86 86 51 0.83237409940822626 20 58 19 12 21 83
573 -2.8530286914887615 -6.3837809518212216 5.3223478363188814 0 0 0 1.5783762512137454 1 67 2 91
32 0.1275015994493669 -4.9727852300688307 3.5035070886627508 129 132 90 1.5271334370239729 20 59 19 46 21 71 8 30 7 23 9 44 6 33 5 58 17 78
289 -1.611854207809188 -3.9004557704589651 5.2836371775083366 49 52 40 0.84749029564343814 5 7 4 6 15 34
574 3.0934253990036971 -3.9799776829722857 3.955810891553063 24 21 12 0.048042049153293381 1 74 14 83
33 3.2581203127125917 -5.0970294529105606 3.1694215153035423 37 35 22 2.1921497500955884 20 62 19 102 7 68 21 15 9 3 9 5 7 65 10 3 22 5
575 0.71929650544144286 -2.7908317022288287 4.143618416716385 166 153 79 1.1877153312186814 15 90 14 84
34 0.46874782626615952 -4.770469737379738 3.1221077629109861 179 172 124 0.87934521706783197 20 64 19 62 18 65
291 -0.12601826017577186 -2.441956325023515 6.8270782530158858 0 0 0 0.7388121359382045 5 43 4 19 3 0 15 3
36 -1.2025564471015446 -5.1017824168491241 4.6142117515667023 21 19 12 1.600847932534482 20 66 19 16 8 40 7 15 19 17
293 0.39397053263632198 -2.3662503983551 6.4929585234387366 22 23 18 1.2346964233743098 4 31 16 37 3 10 15 15
578 0.13282650786317085 -1.922102742939283 3.6034151285256666 255 248 169 0.45486636464519509 15 106 14 106
37 2.8182036793661043 -4.8225103840248948 3.2349293826416754 31 28 21 1.8975623993217281 20 69 19 104 21 32 8 31 7 71 9 15 6 101
579 2.7551647656869589 -3.2125692289986736 3.1508043507176167 33 29 20 2.5913328008222409 15 124 14 111
38 -1.3446729017491026 -5.0468562428429813 4.6614219653952125 42 41 25 1.092227238385777 20 70 19 15 6 8 18 6 5 11 4 32
580 1.6910919424479065 -3.6450953421392476 2.8491883259446373 65 57 30 0.46336610601748141 13 97 14 124
39 -1.5982279595016116 -4.8798637721886697 4.8162617384238171 18 16 8 1.914220222266046 20 75 19 20 8 48 7 18 7 20 19 23 9 72 6 5 18 0 18 3 17 6
581 1.6041144468019479 -3.5754942034879309 2.8721997134883659 63 57 38 0.69738369815062906 13 99 15 121 14 125
40 -0.51131510545554204 -4.6593435052761221 3.7102121850354957 205 204 133 2.3909180345719765 20 77 19 47 21 92 8 38 8 41 7 26 9 54 6 24 18 36 18 41 5 40
582 0.078990644931080059 -1.9331336079999673 3.0620324679410436 104 101 60 1.9388915742173198 22 150 23 125 12 104 24 128 2 89 15 122 13 118 14 132 24 129 13 120 14 137
41 0.47282118235719428 -4.4606006717264473 3.103654910666084 221 231 181 1.87174919711135 20 78 19 77 21 80 8 35 9 45 6 51 18 75 18 78 5 84 17 103 4 90 10 53 22 87 3 98 2 95
584 -1.29098964498394 -3.9735246633521193 6.0344482721428774 33 34 25 2.5063041167607842 4 2 15 16 14 30 16 2 5 13 17 7 16 0 15 17
43 -1.7228673003904127 -4.8282502790692643 4.9173917188250833 0 0 0 0.6272584606088889 20 81 19 22 7 19
300 0.54420131945928651 -5.253155078616043 3.0088127450355979 30 33 28 0.9471034568357134 17 96 4 92 16 90
585 0.27232050044102302 -2.3196217269308943 6.758118311667018 33 33 22 2.1822255212296731 10 86 11 65 12 37 23 80 2 1 1 1 14 2 2 2 1 2 13 2 14 0 24 44
44 0.9591303409203995 -4.3848779332773731 2.861857650304179 147 135 68 1.0026107676564717 20 83 19 86 21 77 8 36 7 48 9 36 6 62 10 46 22 78
301 0.49717808678294317 -3.5704861565409787 3.04253194742875 181 178 126 1.6655898673206257 17 118 4 101
47 0.2040788210111083 -4.373199747032972 3.3302957472220496 223 241 186 2.1336099240723865 20 87 19 72 9 52 10 58 22 91
304 -0.8538728765125001 -3.6751869971240021 6.3607801812941984 25 27 22 1.3865638834199985 6 40 5 21 4 8 17 14 4 14 16 9 18 42
305 0.046068442664822226 -4.1270846009608491 3.8895369794387546 183 187 118 1.8505425687901436 8 61 19 82 6 44 18 61 5 60 4 74 18 68 17 91 16 84 3 78
50 -1.3783991198052106 -4.3557413709208408 4.539829555433303 143 137 89 1.0121756056244962 20 93 19 45 8 64
307 3.1728477184914281 -4.8050769105007589 3.974880330065607 16 17 11 1.2846682125634514 9 19 10 8 22 13 11 5 24 17 2 46
51 0.071324357525636484 -4.1993584638076777 3.7310214309147791 187 194 141 2.0183772349549232 20 94 8 55 7 50 9 61 21 98 9 59 6 48 10 63
308 2.7248298394834314 -4.8938156626628189 3.2279749518810874 132 118 71 1.0505675705841773 9 11 10 10 22 15 21 31 11 17 23 26 12 31 24 45 2 66 13 71
52 -0.74702204615593215 -4.2532576856008628 4.0823806634416506 168 175 120 2.186098481617595 20 96 19 60 8 57 7 39 7 42 9 68 9 70 18 40 18 45 5 33 16 66 15 71
309 2.2414074210205821 -3.2952760996267929 5.0904058497578779 63 60 34 1.185325753445541 10 43 11 37 23 45
53 -1.2321819026701799 -4.1851115884424077 4.5798707979733564 154 154 107 1.8394853340085828 20 97 19 56 7 41 6 19 18 22 5 17 4 29 4 30 17 24
54 1.0158478584602331 -4.0727852495650678 2.8619205727501953 180 168 100 1.3724358490053028 20 98 19 105 21 87 20 95 8 43 7 58 9 42 6 70 18 100 5 107 10 48 22 84 11 60 23 87
311 1.5573521987857284 -3.7104470833820797 7.3365670135922398 68 68 43 2.6791635687452438 9 76 10 50
55 -2.0123293271446645 -4.2488309299776459 4.909211617005389 43 45 30 1.9154867014449692 19 37 21 133 8 69 7 30 9 87 6 4 18 4 5 2 17 1 4 1 10 102 22 136 16 12 3 30 15 40 11 106
312 0.79950316149432832 -3.5062980467734528 6.3992027661901139 64 57 37 1.0515612616084187 9 84 10 61 23 68
56 -1.7889173914674852 -4.0744061375490404 4.6224719789328983 177 192 144 2.025341317501876 20 102 19 50 21 135 8 74 7 36 9 88 9 91 20 107 10 101 22 137 21 134
313 0.13807164609024353 -3.7890707529547005 3.4205882863327468 137 136 92 1.5184106101462806 9 64 10 68 22 105
314 0.73151137452208681 -2.990345876044247 6.2301695928109391 28 29 18 1.8150949962482965 9 95 10 71 11 58 23 75 12 36 2 19 1 14 24 34 24 33 14 18
58 0.20012198937806946 -3.9134845552787514 4.2560565880550278 155 162 116 2.227708645481961 20 109 19 93 8 70 8 75 20 113
315 0.097115508091635896 -3.7180535323458797 3.7377460857687583 146 146 88 1.0897495474698196 9 66 10 73 11 83 12 78 2 77
128 2.7909633963370992 -4.9225076099442573 3.2334345081350673 76 70 45 1.0711513709005864 21 30 8 27 9 12 22 14 23 24
130 1.9814023318717666 -4.3291694953696744 3.4718816139103588 226 202 111 1.1451603095614338 21 60 8 45 9 31
131 -0.46696234189922919 -4.4388593497461732 3.8051762493295902 235 230 138 0.16169953973692869 20 89 8 47
132 0.66717330218981974 -3.9853774757383533 3.3505011525057991 251 232 159 1.8956900384627549 20 100 8 58 9 55
134 -1.9780879482866676 -4.3905707713636977 4.8617110173308671 105 106 84 1.6327210582482001 8 67 7 24 9 85 6 2 5 3 17 2 4 7 16 19 3 32 15 43 14 63
136 -1.214322636105601 -4.0866392158373088 4.7387757696075399 165 181 138 1.8459927432426857 21 126 8 73 7 43 19 64 6 18 18 26 18 27 5 15 17 23 4 28 16 34 3 39 15 46 14 62
137 -1.9495248308742186 -4.2170512161685387 5.0440639998556929 96 94 72 1.2948989953041461 19 44 6 7 7 35 5 1 17 0 4 0 16 11 3 26 15 38
140 -1.3754096188395464 -3.8543107151243885 5.6086653667107003 40 41 34 1.6265234875268777 21 136 8 95 7 55 19 73 9 94 6 25 5 10 22 130
142 0.12997118638991481 -1.8815376718265007 3.5039219751991397 244 227 146 1.8978863038339322 19 168 8 119 17 138 18 139
144 1.3247094621247999 -4.410843538428721 2.7262503842957879 208 200 135 1.3595708828316939 20 80 19 95 21 63 8 33 20 79 21 62 7 52 9 30 6 73 10 38 22 71
146 2.5307019948059026 -5.5591496373497451 3.3359555995924701 11 10 7 1.9046645750484281 19 71 8 12 20 25 21 11 8 14 7 45 9 6 9 7 6 77 22 12 10 7
147 -0.26422462251421019 -1.8522531016869792 3.869347116826515 89 105 85 1.9262766288704671 20 164 19 163 8 120 21 167 20 166 8 123 7 128 9 115 18 129
149 -0.77991314289284919 -2.9676190128372499 4.0475441579916405 38 40 31 0.80431460411775735 20 142 8 107
150 -0.034907973837105553 -5.8378968893128969 4.1563490733881823 34 32 18 1.5070866527899969 20 17 21 45 8 22 19 3 7 5 6 21 18 19 17 41
152 0.1702976840951447 -5.6053953085954049 3.7834537449131962 24 24 17 1.3087144800344268 8 20 19 24 9 33 6 26 18 31 7 12
153 -0.83587124976737526 -5.3579917515919595 4.3776223966332068 110 107 68 1.0121790482380639 8 32 7 13
155 0.6304174488020643 -4.9805192481058747 3.2958022860478073 178 175 135 2.3249345262507974 21 50 7 34 6 43 17 97
156 -0.85724115628507425 -4.6629045265577913 4.5325441095183958 164 161 106 1.3804724091805827 8 52 19 40 18 21 5 24 17 26 4 45 7 37 16 51 3 57 15 58
158 -0.63204580223507301 -4.0979294380655533 4.0890514293769451 172 182 127 1.3140904857951832 20 99 7 46 9 71 6 32 18 49
161 2.5044067685306022 -4.229605089353397 3.0013696391285536 63 63 31 1.2606471855381427 20 92 7 80
162 0.45064789107165182 -3.3094279572697731 3.9783373218196245 215 228 182 1.3310309967905907 8 94 7 84 9 80 6 75
163 -0.41589802913610885 -3.2273714423413469 6.3874796275582622 28 33 26 1.3295254607332747 6 55 5 32 17 33 4 23 16 21 3 14 15 12 14 17 18 57
164 -0.35033730449446887 -2.8833778403811476 6.7918687560642077 72 80 65 0.95573174991241205 19 111 7 98
168 2.1967052222398524 -3.0871518588915317 3.7686934895825805 63 58 37 1.5048568236723352 8 97 7 114 9 58
170 -0.050001029211225713 -2.2093609278663751 6.5190794607674496 14 16 12 1.5215204040493557 7 126 18 90 6 86
171 -0.092145425517902474 -1.6198337346535805 3.7612860369289689 55 54 41 1.2306682755913825 21 173 7 132 6 107 5 95 17 134
172 -0.25964502312317661 -3.8675917602823118 4.4227878210646434 189 186 113 2.3067372545319902 19 88 7 62 6 46 18 59 20 111 5 48 17 59 17 66 19 85 5 52 4 52 4 59 16 73
173 -0.880950378041087 -4.5526473615019256 3.9427279768417631 140 133 81 1.9506011942793455 20 82 8 42 7 25 20 86 19 41 8 46 7 32 21 104 6 20 18 25 5 29 17 37 17 38
174 0.165868045986657 -2.3327958483885061 3.65020499527302 66 67 46 2.1378002550613879 8 111 20 158 7 105 20 159 19 154 18 119
176 1.9224997214896131 -5.8705161271485569 3.5385405930209077 32 31 20 1.9803633104052978 20 11 21 16 7 33 22 20
177 2.2619011976224788 -3.2251394798366295 3.6492699797690786 68 59 38 1.3687329733629117 8 93 19 146 7 108 6 121 18 133
178 0.55981805217974434 -6.0799185535418196 3.8864699592396872 63 67 48 2.3905264676159041 7 6 21 33 9 21 6 28 22 53 22 55 19 8
179 3.238032673314811 -4.5996220294028136 4.2817414143614831 41 39 23 1.6708854731207872 8 49 9 23 22 16 21 41 23 2 12 11
181 1.9576163285331216 -4.4533383105236872 3.3265396387737529 234 209 117 1.65219400341969 21 48 9 28 10 31
182 0.94458518729943552 -4.7237023615210134 2.9989617162199291 226 201 108 2.2869847815785476 21 57 9 34 22 72
183 0.27918575000895446 -4.8323756765738226 3.8540943943695782 0 0 0 0.310861372893391 20 73 21 78
185 0.072438085750988535 -4.4141951572239737 3.7160999449303498 118 125 83 2.3461572138749993 21 91 9 56 10 60
186 -1.1389956172134021 -4.9832320018971661 4.3594215093370945 53 51 30 1.200903265706819 21 93 9 60 10 76 11 91
187 2.0168527157172336 -2.968348873536808 3.6924386336846062 42 37 23 1.3789515681471634 7 119 6 124 8 99 9 63
188 1.2957917130814001 -2.6239135459327918 2.7025224021224949 0 0 0 0.42230106676105061 7 118 8 105
189 1.7356274747237406 -2.9498294625849706 4.3069361057973374 67 62 40 2.0224415905893531 8 106 9 67 7 115 6 112
190 0.37470712543505091 -3.904100347404607 4.4602610576123887 236 245 188 0.83764272326908562 7 72 6 60 17 90
191 0.2995178605435545 -3.3495114914158384 3.6487179041837385 147 166 126 1.9418924851866368 8 88 9 75 10 78 22 125
192 0.31037183673631197 -3.3736009077328322 3.9875794633790989 167 183 139 1.3454358106299165 9 78 6 67 5 80 10 79 23 100 24 95 13 80
193 0.70462932009194112 -2.5020040447655081 4.746268858368432 79 78 50 1.6938817258380836 21 151 9 98
194 -0.42821459874112944 -2.2737453554832352 4.0577343332055849 14 16 12 1.5869717108638044 8 115 20 156 9 110 10 108
195 2.7882075663515824 -5.6052443184820495 3.31451559585738 33 32 17 2.2190532905531892 20 27 21 6 8 11 9 4 20 26 19 75 21 7 22 7 22 8
196 2.6529674354318202 -3.1040411813893689 2.7140149742586623 33 28 15 2.0071698524902106 20 136 19 161 21 102 8 81 7 121 7 122 9 40 20 134 19 157 21 101 6 135 18 156 6 134 18 153 5 140 17 157 4 129 16 134 3 116 14 131
197 -1.8290662762380874 -3.9774544516492019 4.8056314451989204 41 44 34 2.0381184378483042 8 79 19 55 21 143 7 40 9 92 10 104 22 138 11 104 23 116 11 105
198 -1.0520422623118098 -5.1086863967547966 4.3919812075034468 84 81 54 2.2791018695509506 20 65 19 21 8 39 21 90 7 16 9 57 8 37 19 18 7 14 20 61 6 10 6 11 18 9 17 20 10 70
199 -1.68010190583935 -3.907573695271858 4.9773268848739649 18 21 15 1.6884403543209459 19 63 6 14 21 141 5 5 4 10 22 135 3 27 9 93 20 110 23 110 10 103 11 100
200 -1.3322337985573818 -4.2360510744983637 4.3632236763716943 145 141 99 0.94185153549830669 19 52 6 16 18 20
201 -1.4309984877050053 -3.8588938839763638 4.6494001102668427 164 186 150 1.075056809790484 19 69 6 17 18 24 17 18 16 32
202 -0.62529024509712061 -4.6647480460569701 3.810476033628948 205 201 106 0.89716795288992779 7 28 6 23 18 32 17 52 16 74
203 -1.2047667448545523 -3.9083363055126856 6.033915203066841 78 86 70 1.4510413409136353 7 63 6 29 18 23
204 -1.1069239008105738 -3.7941487017728912 6.200359359368159 33 36 29 1.6693883960708862 7 66 6 30 18 34 17 11 4 5 16 4 3 16 15 13 1 21
207 0.29476569727853258 -4.0270381397149277 3.3130921782690943 227 231 178 1.8979643832459836 6 54 18 84 5 79 4 86
208 -0.23025048527477152 -2.8144252304951221 5.2524657874034011 136 164 124 1.583394265365867 19 114 4 39 3 28 1 22 18 86
209 -0.438117557419126 -2.8122680245518468 6.6822420396055158 23 25 19 1.9697170775950761 19 113 6 63 5 34 17 31 18 63 4 13 16 14 4 12 3 6 15 4 15 7 14 12 1 10 14 13
210 1.9466663971662899 -5.5450745796676415 3.1406606251114417 50 42 26 0.90878908076134368 7 38 6 65
213 -0.1141610838670547 -2.2738257869218255 3.7320662614103268 211 237 190 1.9601641519318518 7 104 6 87 20 161 5 83
214 3.334884110995906 -5.6324180953290126 3.3077354960377496 70 57 36 0.39870210324784439 19 83 6 93
215 -0.11015198994676034 -1.8992703485044402 3.1259955021604884 198 202 154 0.65433151261446387 7 127 6 104
217 1.5858246156211206 -2.7894373901344878 3.3234437514750756 0 0 0 0.24565003756669754 7 117 8 103
218 0.37805777480800462 -1.6353755246901915 3.1672003875937627 62 54 30 2.3110026241948831 7 136 6 129 17 150
219 1.3395452477653458 -6.0976022729218782 3.5275142968690623 16 15 9 1.6240547507690548 20 6 21 21 8 5 20 5 21 20 9 14 10 24 22 28
220 -0.24975609067434137 -2.4201258581486873 6.7154521882099019 52 56 44 2.0399861434039686 19 123 6 74 19 127 7 124 18 83 17 48 18 79 7 107
221 -1.5124260010225778 -4.9274392154221367 4.6193453276534742 21 20 12 0.46174089992826078 6 6 19 14 18 5
222 -0.84237485458117578 -4.3419274378164889 3.977852357209144 183 192 139 0.83936897912553865 6 22 19 57 18 35
224 -0.34322144921633502 -3.9846631488335484 4.3516046723463839 233 244 186 2.2852220679388759 6 42 18 56 5 44 17 60 4 55
225 0.73011918035913159 -5.1418408623047505 2.8069356712733327 89 93 68 2.0672586372147697 6 41 18 62 5 89 5 86 17 100 17 104 16 96 16 100 3 105
227 0.39364764023285154 -4.2302103594034257 3.3031111962693767 199 216 171 1.0807243203857526 6 53 18 77 5 81
229 0.076105405164812095 -2.1061484013808398 6.2111968084231286 34 36 29 0.90338346100930522 6 91 17 73
230 0.17469840946416534 -2.1862077735121574 6.2273922587695845 17 19 15 1.3733858036351723 6 92 18 96 17 76
232 0.50132711872718183 -2.3624373411666348 6.2165110931528718 15 17 14 2.1970136666447773 6 96 5 67 5 68 17 84 17 85 4 43 16 49
234 -0.13111974535915402 -1.6889611007018084 3.7700848217793008 60 64 53 1.1446502993166849 19 167 18 138
236 -0.7328348000131244 -5.4779467996707334 4.2324366174147787 56 52 36 1.7446360261798188 6 12 18 10 20 41 19 0 8 28 7 1 6 13 5 26 5 27 9 47 4 51 10 57 22 86 11 81
237 2.2031691943705769 -3.2142906861146936 3.4410286734556341 77 72 40 2.6943206106300313 7 109 8 91 6 126 18 135 7 101 8 90 6 118 5 130
240 0.58128074281653808 -2.55325897309406 6.0544413920090072 74 76 68 0.018113449165471054 6 95 18 97
241 -1.7758194206259323 -4.6690679144695411 4.9153381552895157 47 43 26 1.7128210239035293 20 85 19 26 21 115 8 54 9 77 8 59 7 22 6 3 18 2 19 28 10 90 12 100 11 98
242 -2.0709026721018429 -4.3774715603480514 4.9789802154281233 0 0 0 0.21325376260968193 6 0 5 0
243 -0.70219510045430822 -5.1735106838310649 4.1006012406436607 147 141 81 0.74850923809918068 6 15 5 28 4 56
244 -0.46476777323357993 -2.9910917067461336 6.5866049236596504 51 57 42 1.8896491248928511 18 60 5 35 17 29 17 30 4 16 16 16 16 17 3 9 14 15
245 -0.39414127294118423 -4.0936340927674237 4.3422249392507224 227 246 170 0.8944821212082511 6 39 5 42 17 56
246 -0.33392536877848134 -3.1974494149035499 5.3019401199862024 195 222 181 2.3908491000735261 6 58 5 46 3 29
247 0.017579552581204139 -2.6280774975084205 5.949377401942491 130 147 114 1.4650122739643459 18 88 17 65 4 33 5 57 14 25
248 0.062100005920693306 -4.152224828655724 4.0689361601531076 253 243 156 0.83719064523136977 6 47 5 59 3 73
249 -0.09957364705862147 -2.1707269904466941 4.2818716565696491 197 217 173 2.0756334807516637 6 88 5 76 3 49
250 -0.082198951245466861 -2.2671316233403211 4.3053170623158872 213 232 197 1.2961038011715031 6 89 5 77 3 48 1 42 2 54
251 -0.092830224103347792 -1.6992722754152176 3.8648328419185409 156 156 130 1.4433591179402934 6 105 5 92 17 132 18 136
255 1.7274514722756824 -4.6348011080611187 2.7121596389824649 69 58 34 1.8811657373890596 18 102 5 119 17 131 4 116 5 116 3 107 2 83
265 -1.4607832691222391 -4.014018459061572 5.8208164740332347 25 25 19 1.8854453032390968 17 5 16 3 15 21 1 36
282 2.6906184575775902 -3.1010538972809365 2.8072613960684771 39 35 21 1.3338953975373249 5 139 17 155 4 128 16 133 3 115 15 132 15 133 1 104 14 127
292 0.019467618296471138 -2.4190824350497908 6.8010692968034885 22 22 16 2.1483240679174855 5 49 4 21 17 53 16 24 3 7 15 5
299 -0.55362275786620663 -5.0022018773370238 3.6702456028379853 102 105 61 0.64864888724103176 5 37 4 67 3 81
302 2.7143752445732705 -3.3052470196675983 4.2179619815471199 13 13 8 1.8930387030421403 5 129 4 113 3 96 15 100
303 1.6869432034044807 -4.9599653611346604 2.8137926345451354 68 62 37 1.5681594779943342 6 68 5 113 4 114 18 91 17 121 3 106 5 110
316 0.12953461854497111 -3.523359953667935 4.0051035625088973 115 127 92 1.6964326643325542 9 74 10 77 24 97
317 -1.7935327555938902 -4.4538226616477381 4.7298444267458555 31 31 20 1.4811804629466809 21 122 10 94 20 90
322 0.52386428218850067 -1.8237419387384746 3.3239129826137526 22 20 10 2.4339319016368992 9 111 10 106 20 168 19 172 21 169 20 167 19 170 21 166 8 118 9 109 8 121 22 146 7 134
327 1.5302913417655013 -6.2696782387833743 3.9174169505034295 0 0 0 0.11120098905915574 21 18 22 25
