# Image list with two lines of data per image:
#   IMAGE_ID, QW, QX, QY, QZ, TX, TY, TZ, CAMERA_ID, NAME
#   POINTS2D[] as (X, Y, POINT3D_ID)
# Number of images: 24, mean observations per image: 91.041666666666671
1 0.0098975778513117653 0.018446264886118103 -0.55987620420991258 0.82831178261807237 0.98492173735799571 3.0208382327735528 2.0058779684496431 1 0000.png
222 129 374 226 129 242 232 129 -1 236 129 552 217 132 527 241 132 555 237 133 -1 232 134 528 243 136 290 239 137 556 244 142 551 202 144 -1 244 146 551 236 157 -1 240 157 163 231 158 252 206 159 253 216 159 377 227 159 530 200 167 317 251 167 -1 199 171 557 198 175 531 261 177 248 243 184 356 167 185 380 193 185 -1 215 185 -1 157 186 -1 161 186 533 172 186 -1 176 186 534 152 188 -1 148 189 -1 192 189 360 144 192 -1 267 192 -1 140 193 -1 135 199 536 131 201 537 215 207 -1 197 208 496 243 208 538 239 209 361 272 209 -1 248 210 -1 120 211 -1 253 213 358 286 213 175 119 215 367 254 217 -1 118 219 367 202 220 566 117 223 563 203 224 539 247 224 -1 278 224 562 283 224 -1 222 225 -1 222 226 -1 117 227 371 256 227 -1 116 231 331 207 231 -1 256 231 -1 211 233 554 231 234 570 117 235 331 268 236 249 272 236 249 284 236 294 168 237 540 172 237 -1 208 237 -1 212 237 541 264 237 -1 252 238 398 118 240 -1 171 241 -1 213 241 364 175 242 -1 118 244 583 132 246 -1 136 246 -1 128 247 568 239 247 -1 142 248 -1 121 249 -1 143 249 545 218 251 589 121 253 546 168 254 -1 251 254 322 221 255 -1 247 255 -1 149 256 -1 121 257 547 225 257 -1 229 257 -1 149 260 68 239 260 548 120 261 549 226 264 -1 227 264 -1 227 268 -1 227 269 -1 231 269 299 219 270 592 118 275 553 135 275 109 209 277 593 118 279 553 190 281 596 207 283 550 198 286 473 149 287 599 174 287 351 202 287 270 208 287 -1 198 290 270
2 -0.25314501629844666 0.066956136508406761 -0.51459007126688716 0.81647506701715444 1.2173343687106972 3.0437924506085485 1.8015463815953985 1 0001.png
264 157 -1 279 157 374 283 158 242 253 160 -1 287 163 -1 283 167 -1 287 167 -1 291 167 555 164 169 -1 168 171 -1 172 171 -1 176 171 -1 180 171 -1 287 171 556 184 172 -1 291 172 290 155 173 -1 163 173 -1 191 173 533 248 173 -1 159 174 -1 195 174 -1 244 174 597 199 175 380 257 176 -1 290 176 -1 152 177 -1 147 180 -1 208 181 534 143 183 -1 230 183 531 139 185 -1 135 186 -1 277 186 163 135 190 -1 219 190 535 232 193 494 132 194 -1 130 199 -1 281 199 -1 128 203 -1 152 209 -1 153 209 -1 283 209 -1 226 211 496 126 213 -1 150 213 568 154 213 -1 284 213 594 158 214 -1 226 215 445 227 219 420 284 220 469 125 222 338 121 223 -1 117 224 -1 273 229 585 283 231 525 115 232 -1 166 234 -1 284 235 474 116 236 -1 106 237 -1 162 238 -1 166 238 68 285 239 595 254 240 89 274 240 -1 250 241 471 127 242 340 229 243 498 286 243 595 145 244 389 247 245 -1 230 247 482 286 247 502 266 251 570 286 251 588 245 253 -1 285 255 -1 227 261 589 140 263 599 226 265 454 144 266 -1 145 267 265 248 267 398 149 269 265 224 269 -1 153 270 305 247 271 -1 279 271 -1 159 272 351 270 272 504 258 273 -1 174 274 596 262 274 456 266 274 456 245 275 -1 227 277 -1 231 277 -1 241 277 322 200 278 593 221 278 -1 237 278 -1 213 279 -1 217 279 592 184 283 473 190 285 -1 195 285 477 182 287 270 186 287 -1
3 0.2542983003794686 -0.044618106832655706 -0.54572374581991601 0.7971995937123042 1.0148791944706368 2.5923484909090253 1.9157416313318674 1 0002.png
168 120 165 172 120 552 176 120 552 180 120 -1 184 120 -1 180 124 -1 186 124 290 161 125 242 172 128 528 191 128 551 191 132 551 154 138 -1 154 142 -1 160 143 -1 193 143 163 207 143 207 218 144 -1 222 145 248 154 148 384 182 148 252 154 152 255 236 152 -1 172 154 377 165 160 253 248 160 335 191 162 -1 192 167 355 267 167 175 255 168 293 197 169 356 205 169 210 271 169 175 193 171 296 273 173 246 193 175 -1 221 176 357 250 179 -1 249 183 -1 225 186 358 229 186 -1 249 187 54 226 190 -1 249 191 -1 271 191 359 275 192 294 164 194 360 227 194 -1 201 195 538 197 196 361 207 196 284 213 197 298 263 197 249 217 200 362 148 202 380 144 204 380 218 204 381 243 204 219 140 207 533 254 209 -1 219 211 241 134 212 -1 175 214 -1 237 214 318 219 215 -1 125 219 -1 129 219 -1 183 222 539 218 222 -1 123 223 -1 127 223 -1 184 226 554 254 226 322 125 227 536 218 227 336 124 231 537 183 231 541 219 231 336 223 231 -1 183 236 364 248 236 548 184 240 -1 122 242 329 215 243 -1 184 244 -1 211 245 365 188 246 366 122 248 367 183 248 -1 206 249 368 241 249 299 198 250 -1 202 250 -1 227 250 325 122 253 -1 123 257 371 124 261 331 222 261 43 219 271 372 155 273 68 223 273 550 133 276 546 155 277 68 207 277 596 222 277 270 195 288 351 191 290 305 186 294 265 150 295 -1 154 295 109 178 295 599 182 295 265 160 296 520 165 296 50 136 303 553 134 307 553
4 0.49531836425824388 -0.087103527322978311 -0.49654176452889631 0.70747365296169362 0.7064459203102349 2.4000604270042443 1.7080655412500789 1 0003.png
223 137 -1 230 137 175 169 139 -1 177 139 248 184 139 334 204 139 335 173 140 309 208 140 292 234 140 246 125 143 373 166 143 207 216 143 293 121 144 552 129 144 290 133 144 551 162 144 -1 238 144 378 137 145 551 117 146 -1 113 148 165 112 152 166 241 153 313 146 154 163 111 156 242 242 157 294 109 160 231 109 165 -1 217 165 158 221 165 54 237 168 249 134 169 252 185 170 357 110 172 280 236 172 315 160 174 210 188 174 -1 111 176 384 156 177 356 187 178 358 191 178 -1 235 179 35 112 180 -1 183 180 -1 223 181 219 116 182 255 131 182 253 144 182 355 148 184 296 241 185 30 240 192 297 231 193 240 201 195 278 222 195 318 197 196 -1 208 196 251 239 196 321 134 197 317 243 197 322 201 199 241 135 201 -1 161 204 284 165 204 298 243 204 -1 174 205 362 153 208 361 243 208 275 139 209 -1 176 209 -1 149 211 -1 244 212 276 179 213 286 147 215 -1 211 217 336 195 218 282 215 218 -1 145 219 -1 245 219 -1 210 221 336 194 222 282 244 223 299 185 224 -1 243 227 299 184 233 301 136 237 -1 236 237 -1 219 239 285 166 240 -1 135 241 -1 184 248 365 230 248 43 155 249 364 240 249 302 182 252 368 157 253 -1 161 254 327 135 256 -1 176 256 -1 180 256 -1 215 256 -1 219 256 -1 229 256 -1 233 256 372 237 256 550 164 258 366 135 260 303 212 260 259 213 260 212 135 264 -1 228 267 596 137 271 -1 138 275 370 224 275 -1 140 279 -1 221 280 351 142 283 -1 215 287 305 169 289 545 173 290 68 213 291 265 209 293 265 156 295 183 206 297 599 202 298 599 198 300 39 194 301 50 183 303 109 160 313 82 176 318 110 167 320 553 163 323 553 167 324 553
5 0.68879811116396306 -0.13765498882341623 -0.43220743332804068 0.56551304201138397 0.72423607979287596 2.3200163021252158 1.6583140345334759 1 0004.png
179 126 -1 175 130 175 179 130 175 183 130 246 190 136 202 194 139 41 166 141 293 196 143 294 158 144 292 154 145 335 150 148 118 200 149 40 146 151 160 142 153 334 138 155 248 179 159 -1 174 160 311 183 160 54 206 161 35 132 162 309 216 165 30 129 166 207 198 170 219 215 170 -1 168 171 -1 219 171 297 223 172 24 218 175 321 214 176 239 222 176 -1 227 180 -1 118 182 163 201 182 318 101 183 290 97 184 -1 105 184 551 228 184 275 93 185 552 91 189 552 223 189 42 232 189 276 189 191 222 88 193 165 185 193 251 234 193 -1 143 194 277 162 194 -1 139 195 -1 174 195 -1 178 196 278 87 197 166 235 197 299 179 200 241 87 201 242 237 201 -1 180 204 245 87 205 231 238 205 -1 112 207 252 229 208 33 196 210 -1 200 210 336 240 210 -1 89 211 -1 112 213 -1 91 215 280 96 215 -1 124 219 -1 98 220 234 116 220 -1 183 220 282 102 221 255 120 221 -1 218 222 -1 125 223 -1 181 224 -1 134 226 283 138 226 284 142 226 298 218 226 285 123 227 -1 180 228 -1 222 228 228 128 230 -1 155 230 286 230 231 43 247 231 -1 251 231 270 127 234 -1 248 235 -1 252 235 270 128 238 -1 128 239 -1 175 239 148 128 243 -1 174 243 148 243 243 596 129 247 171 144 248 -1 163 248 -1 167 248 301 171 248 288 215 250 259 235 251 -1 168 252 -1 209 252 176 213 254 212 217 254 -1 152 255 -1 229 255 55 167 256 -1 209 256 289 213 258 306 243 260 351 166 263 -1 192 264 -1 243 264 351 165 267 -1 142 268 -1 243 268 264 146 271 -1 142 272 99 241 272 305 154 275 -1 240 278 265 238 282 599 236 286 599 232 289 39 169 290 370 196 292 68 200 292 68 173 293 186 192 295 69 183 298 331 217 298 109 206 299 65 187 301 183 215 310 -1 215 314 110 196 318 82 214 318 66 207 321 553 203 323 78 207 325 553
6 0.83785419478249956 -0.17889786378240066 -0.32798985629461558 0.3980182870011128 0.55512108421077078 2.1162188160257229 1.6377456770434184 1 0005.png
141 147 155 145 147 202 130 148 175 134 148 246 152 148 45 156 149 41 160 150 153 128 152 175 164 152 40 183 157 30 179 158 -1 188 158 149 175 160 35 192 160 24 196 162 150 127 164 116 154 166 244 138 171 220 143 172 158 148 172 54 179 172 239 211 173 142 176 176 240 191 176 203 195 176 42 120 177 118 119 181 160 219 181 10 223 182 -1 227 183 151 117 185 334 116 189 248 239 189 3 171 190 159 216 191 33 203 192 -1 184 193 223 244 193 -1 170 194 -1 242 197 257 246 197 199 169 198 222 112 200 207 247 201 270 168 202 251 229 204 36 189 206 52 145 207 -1 149 207 67 167 207 241 185 207 336 193 207 52 249 207 270 189 210 336 165 211 245 212 211 285 224 212 43 166 215 245 213 215 228 209 217 -1 255 219 -1 109 220 163 134 221 -1 130 222 277 256 223 -1 126 224 210 176 224 59 100 225 551 237 226 46 96 227 290 176 228 300 258 228 11 94 231 552 176 232 229 259 234 492 96 235 -1 234 235 55 92 236 165 175 236 -1 247 236 44 126 238 296 91 240 166 175 240 117 212 240 259 213 240 212 262 242 -1 174 244 148 212 244 289 216 244 306 208 245 176 93 246 242 263 246 -1 174 248 148 212 248 289 95 250 231 145 251 286 128 252 283 132 252 284 173 252 124 121 253 232 98 254 -1 117 255 -1 102 256 233 270 256 404 121 257 145 106 258 234 110 258 -1 266 259 215 270 260 104 133 262 -1 121 263 -1 258 263 39 164 264 88 270 264 507 151 266 -1 168 266 -1 124 270 170 172 271 -1 126 274 171 128 278 267 164 279 216 247 279 109 224 282 68 164 283 143 184 283 303 220 283 68 137 284 -1 188 284 188 236 284 65 192 286 304 217 287 69 221 287 70 156 288 174 198 288 -1 148 289 -1 152 290 526 203 290 186 144 292 99 218 292 183 148 293 99 250 293 110 152 294 526 250 298 66 228 301 168 232 302 82 247 304 73 235 306 82 239 307 78 243 307 553 247 308 553
7 0.93786337495279248 -0.20703034115894176 -0.19488797297823532 0.19892060162337236 0.31302040153867822 2.0655321684376786 1.592923110532551 1 0006.png
159 167 149 163 167 24 167 167 150 178 168 -1 184 168 -1 188 168 142 222 168 3 226 168 3 154 169 30 206 169 151 230 169 199 195 170 -1 199 170 10 159 171 152 152 173 32 147 175 35 160 175 -1 162 175 -1 128 176 153 143 176 37 120 177 45 124 177 41 244 181 6 115 182 -1 167 182 42 194 182 33 109 183 155 153 183 239 230 183 270 163 184 203 105 187 175 109 187 -1 250 187 7 104 191 175 108 191 427 150 191 240 211 191 36 256 192 11 151 196 240 104 197 60 129 198 54 263 198 492 152 200 398 126 202 158 112 203 116 113 203 116 267 203 14 153 204 159 271 206 15 229 207 46 281 208 125 182 209 52 285 209 404 243 210 44 144 214 -1 114 215 118 168 217 224 198 217 184 228 217 55 288 217 104 288 218 -1 292 218 507 114 219 160 160 222 241 115 223 334 161 226 245 116 227 206 208 227 -1 284 227 34 145 228 67 149 228 -1 273 228 39 176 229 59 162 230 -1 210 231 212 176 233 200 214 234 306 206 235 162 210 235 -1 118 236 207 119 236 140 210 239 289 180 240 482 206 240 176 120 244 -1 181 245 117 268 246 58 120 248 -1 181 249 148 177 250 -1 268 250 109 178 254 -1 182 255 148 122 256 163 122 260 -1 182 260 124 256 261 65 231 263 -1 242 263 68 276 263 110 121 264 164 183 264 193 127 268 -1 242 269 70 120 270 -1 124 272 -1 151 272 -1 162 273 -1 178 273 88 120 274 -1 242 274 183 199 275 -1 246 275 183 124 276 -1 203 276 192 208 276 -1 213 277 188 225 277 -1 229 277 186 259 278 168 273 278 553 277 278 553 133 279 91 120 280 166 171 282 90 123 284 214 154 287 -1 134 288 145 175 291 216 138 295 170 176 296 143 140 299 171 168 302 174 175 303 96 167 306 526 171 306 526 163 310 99 167 310 526
8 0.97786647755444545 -0.20344423955349664 -0.046159762494805259 -0.016027158019559281 0.20104204635159068 2.3957116431522651 1.6625598425928221 1 0007.png
206 152 178 205 156 3 209 156 199 213 156 127 201 157 3 220 159 102 224 160 6 200 161 -1 228 161 7 193 162 5 203 167 -1 270 167 125 256 168 14 229 169 103 260 169 15 264 169 -1 183 170 -1 287 170 104 291 170 507 214 171 105 177 174 204 172 175 -1 168 177 142 271 177 28 156 184 -1 152 185 150 177 186 25 274 187 39 145 189 24 199 189 -1 176 190 33 274 191 39 230 192 44 142 195 152 192 196 43 214 196 46 144 199 -1 155 201 42 135 202 35 140 208 239 154 208 -1 217 208 55 124 210 146 242 210 198 246 210 198 140 212 239 155 212 486 277 213 179 245 214 132 177 215 108 142 217 240 279 217 109 116 218 154 177 219 52 216 220 -1 144 221 240 200 222 -1 204 222 -1 177 223 336 191 224 133 208 224 -1 126 226 244 230 226 -1 288 227 110 109 228 155 153 230 135 108 232 175 112 232 427 179 232 111 268 232 65 214 234 289 132 235 158 109 236 175 293 237 73 214 238 289 210 239 176 113 240 60 178 240 200 292 241 553 296 241 553 182 242 200 125 243 116 168 243 245 251 243 -1 255 243 68 185 246 137 259 246 70 261 250 -1 265 250 183 155 251 67 191 252 117 131 253 118 195 256 148 255 258 185 198 260 148 140 263 139 201 264 124 243 265 -1 205 266 193 239 266 188 231 267 189 235 267 -1 143 268 140 150 280 119 200 282 88 183 286 -1 155 289 -1 157 293 201 194 293 90 159 297 197 161 302 91 200 303 143 200 307 143 184 308 123 164 310 145 200 312 96 196 313 174 166 314 145 170 316 170 195 317 526 194 321 526
9 0.94751659416391387 -0.20209588543996662 0.10267940961472172 -0.22544732358895928 0.19331442687558342 2.659919484663837 1.6855141037320613 1 0008.png
258 128 385 258 132 507 247 134 404 243 135 404 260 139 34 236 141 16 260 144 34 231 146 15 227 147 14 223 148 14 244 148 28 259 148 177 213 151 11 209 152 11 247 155 340 251 156 39 179 157 178 184 157 199 188 157 127 255 158 338 177 161 3 194 167 103 264 167 480 190 168 -1 170 172 5 169 176 151 271 177 179 182 178 105 168 180 -1 257 185 58 163 186 8 232 187 -1 205 188 44 233 191 198 277 191 110 187 193 -1 160 194 204 235 198 132 156 199 343 192 199 46 261 202 65 280 203 180 284 203 -1 284 207 -1 200 208 55 147 209 23 165 209 33 177 209 43 231 212 -1 145 213 -1 255 217 341 143 219 -1 275 219 168 255 221 68 170 223 182 272 223 183 151 227 42 193 227 184 271 227 -1 173 228 108 140 231 35 268 231 185 174 232 52 141 235 -1 176 236 52 140 239 483 264 239 186 180 242 111 260 244 -1 183 248 187 255 248 188 152 249 240 251 249 189 156 250 398 160 251 159 134 252 -1 186 252 200 190 254 200 194 255 137 244 255 192 133 256 154 198 257 482 202 258 117 208 261 148 222 261 -1 212 262 148 226 262 193 130 267 155 150 269 116 134 270 427 130 271 175 138 271 427 173 271 67 134 274 175 139 276 60 143 276 138 159 276 118 230 276 344 166 280 195 231 280 345 170 282 139 174 285 140 232 287 -1 176 289 -1 227 291 -1 229 295 -1 211 296 89 183 300 119 187 300 -1 226 303 143 188 304 201 190 308 201 226 309 -1 227 310 96 225 316 174 211 318 123 220 319 349 224 320 526 224 321 526 200 322 145 211 322 350
10 0.85868861813940756 -0.18183966336709179 0.22350776116805882 -0.42383071455714461 0.48399357928523601 2.9587662821844125 1.7532246355582497 1 0009.png
199 120 385 203 120 507 194 127 404 212 130 34 194 131 404 218 142 338 201 143 28 190 146 15 231 146 480 236 148 -1 205 149 340 243 151 -1 247 151 387 249 155 388 253 159 -1 176 160 11 257 162 -1 259 166 409 168 168 7 260 170 -1 223 171 58 242 171 410 242 172 410 264 174 -1 260 176 -1 160 177 127 249 178 -1 265 178 -1 156 179 199 200 181 -1 267 182 -1 154 183 3 202 186 -1 267 187 -1 232 188 389 153 189 -1 268 193 -1 254 197 -1 267 197 -1 267 202 -1 178 204 390 235 205 341 150 206 417 239 207 416 266 207 411 235 209 68 150 210 417 150 214 446 173 215 46 264 217 -1 183 221 55 263 221 -1 261 225 391 154 226 343 259 229 -1 168 232 43 214 232 -1 255 235 -1 150 238 23 150 242 392 172 243 182 173 247 108 246 247 414 151 248 393 177 251 -1 152 252 394 177 252 -1 181 254 453 229 254 -1 155 257 42 182 258 -1 186 258 111 227 258 -1 253 259 344 223 260 148 156 261 35 190 261 -1 259 261 345 263 261 415 202 263 200 206 263 137 210 263 482 158 265 483 266 269 -1 161 271 -1 178 271 -1 254 272 -1 268 273 418 268 277 -1 197 279 67 264 281 419 268 281 448 163 283 154 181 285 116 263 285 401 267 285 484 163 287 136 198 287 402 265 289 484 260 292 452 207 293 347 235 293 89 250 293 -1 168 295 427 164 297 175 178 297 138 174 298 60 168 299 175 217 303 -1 251 303 -1 218 307 -1 222 309 201 240 315 123 246 315 349 250 315 526 229 319 576 233 319 590 240 319 350
11 0.71760737360628979 -0.15850907605182832 0.32312859892661128 -0.59624025250800017 0.75381028113064785 3.1040318732981524 1.7440865481991004 1 0010.png
145 146 507 158 147 34 195 150 429 199 150 406 205 150 -1 184 151 480 188 151 480 209 151 -1 210 151 -1 217 153 -1 174 154 338 152 155 -1 221 155 409 225 156 -1 152 159 493 228 160 -1 153 163 -1 153 167 28 235 167 430 160 168 340 200 172 410 204 173 505 240 173 -1 208 174 -1 243 177 432 147 180 -1 245 181 433 191 182 -1 180 183 58 218 183 485 144 187 435 180 187 413 219 187 -1 247 188 -1 144 191 11 220 191 437 249 192 411 249 193 459 194 194 389 143 195 438 220 195 439 250 197 -1 143 200 7 250 201 460 143 204 440 250 205 -1 205 207 341 143 208 457 209 210 416 205 211 442 144 212 481 250 214 -1 144 216 -1 247 223 -1 248 227 581 148 230 596 278 233 415 274 234 345 268 236 344 143 238 -1 169 242 55 145 243 417 290 244 418 237 245 445 144 247 446 292 248 418 231 249 447 235 249 420 232 253 -1 292 253 448 153 256 477 170 256 -1 161 259 593 288 259 401 292 259 484 162 263 -1 279 263 467 290 263 484 218 265 137 272 265 -1 286 266 452 163 267 23 165 271 392 186 271 453 201 271 454 168 275 393 204 275 -1 173 277 394 204 279 -1 252 283 89 220 284 -1 248 284 471 179 285 483 224 285 402 266 286 -1 192 288 398 217 288 476 266 290 -1 239 297 405 198 298 154 215 299 -1 215 303 138 205 304 427 264 305 349 268 305 526 264 306 -1 209 307 60 255 307 123 205 308 175 201 309 175 249 310 456 250 310 424 255 311 590 248 314 576
12 0.52153071594960831 -0.12345923870738425 0.40882124568898781 -0.7386668516809094 0.93182667814745868 3.0574024120939813 1.7195433449649784 1 0011.png
164 161 -1 175 162 409 168 163 -1 182 163 -1 186 164 -1 190 164 430 162 165 510 158 166 -1 197 167 -1 154 168 -1 201 168 -1 150 170 388 205 170 432 209 172 433 143 176 480 216 177 -1 220 182 459 133 186 338 223 186 460 172 190 -1 167 192 -1 162 193 505 167 193 -1 176 193 -1 107 194 507 157 194 505 172 194 485 153 196 410 176 197 437 267 200 -1 271 200 415 276 200 462 280 200 -1 179 201 439 127 206 340 182 206 463 127 207 340 232 207 535 244 207 -1 248 207 464 263 207 344 293 208 418 182 210 508 297 210 -1 141 211 58 182 214 466 297 214 448 126 216 -1 245 216 494 293 217 419 126 220 -1 157 220 389 295 221 401 299 221 484 126 224 -1 173 225 341 294 225 -1 298 225 452 173 226 442 127 228 435 232 228 496 288 229 467 292 229 495 278 230 451 128 233 438 231 234 445 129 237 7 230 238 420 131 241 440 135 246 481 278 249 -1 223 250 516 278 250 532 223 254 498 278 256 594 222 258 518 149 259 596 278 261 469 221 262 482 277 265 585 259 267 -1 251 268 471 255 268 89 276 269 525 277 269 525 151 272 417 155 272 -1 210 274 589 277 274 474 223 275 475 153 276 446 171 278 -1 175 278 593 200 279 453 204 279 -1 243 279 476 165 280 477 179 280 -1 277 282 595 266 283 570 183 284 23 187 285 392 278 286 502 191 287 393 196 287 394 219 287 398 203 288 -1 245 290 503 205 292 483 230 293 154 271 294 350 247 295 423 247 299 -1 254 301 504 258 302 576 236 303 -1 240 303 175
13 -0.28827188327629411 0.046351442078191959 -0.6220542342979144 0.72649803490556419 0.716132014122558 4.1291302004833632 2.2540781133811136 1 0012.png
256 139 415 252 140 -1 288 140 374 292 142 577 288 144 -1 292 146 -1 248 147 -1 288 148 419 298 149 484 167 150 -1 171 150 -1 175 150 598 179 150 -1 243 150 -1 293 150 509 159 151 487 183 151 -1 155 152 -1 148 153 -1 188 154 -1 292 154 401 296 154 -1 144 155 -1 192 155 460 140 156 -1 196 158 -1 227 158 531 134 159 -1 200 159 -1 297 159 452 223 160 491 293 160 -1 126 161 -1 130 161 -1 204 161 534 211 163 -1 125 165 510 207 165 -1 291 165 467 121 167 -1 211 167 490 207 169 511 119 171 -1 278 171 451 115 173 -1 119 175 -1 115 177 512 281 178 -1 228 183 494 160 184 -1 112 185 480 227 187 -1 151 188 -1 112 189 583 283 191 497 255 194 559 284 195 513 109 201 338 283 202 532 284 202 -1 219 203 496 283 206 -1 219 207 445 100 208 -1 283 210 594 283 214 594 167 215 540 126 217 -1 96 218 -1 131 218 -1 92 219 -1 100 219 -1 136 219 -1 140 219 -1 144 219 545 282 221 515 92 223 507 96 223 -1 113 225 340 282 225 469 102 227 493 281 229 469 214 231 516 220 236 498 280 236 -1 151 237 517 112 238 -1 220 240 482 279 240 525 151 241 416 112 242 -1 147 243 442 278 244 525 277 250 474 113 252 -1 219 253 600 136 254 -1 234 254 -1 117 255 -1 113 256 -1 278 256 595 241 257 519 147 259 520 151 260 -1 279 260 595 155 261 572 207 262 -1 275 262 -1 211 263 454 178 266 -1 183 266 -1 203 266 -1 207 266 522 277 266 502 189 267 -1 257 270 570 276 270 588 237 273 -1 237 279 503 238 283 -1 261 284 350 240 288 523 251 290 504 244 291 456 249 294 456 253 294 576 257 294 524
14 0.010243718765034453 0.0058563886947759543 -0.68794378620391516 0.72566804805002982 1.0731372232735505 4.4965919493054773 2.9394233748082859 1 0013.png
229 119 242 225 120 374 233 120 -1 240 120 552 244 120 555 248 125 373 216 127 527 245 129 556 249 129 290 247 133 -1 252 133 -1 203 137 384 203 141 -1 247 149 163 202 151 -1 235 153 -1 236 153 -1 200 155 597 211 157 -1 215 157 377 219 157 377 223 157 -1 231 157 -1 235 157 -1 260 159 309 197 160 557 263 163 248 267 169 -1 268 173 -1 171 174 534 176 174 -1 191 174 581 167 175 -1 152 178 -1 157 178 -1 146 179 -1 138 180 -1 142 180 598 271 180 -1 218 183 -1 136 184 -1 140 184 -1 188 184 -1 231 184 -1 273 184 -1 132 186 -1 190 196 -1 276 199 293 120 200 -1 177 201 -1 117 204 -1 288 205 175 178 208 -1 195 208 496 115 209 -1 115 210 -1 231 210 -1 264 213 54 113 214 367 196 215 445 288 215 246 257 217 -1 159 218 -1 279 218 562 112 221 563 257 221 -1 157 222 -1 161 222 -1 165 224 -1 112 225 371 197 225 -1 256 225 -1 260 225 564 111 231 331 198 232 566 278 232 -1 282 232 294 113 236 331 200 236 539 113 240 -1 201 240 516 253 240 -1 234 241 -1 238 241 328 242 241 -1 204 244 -1 253 244 -1 253 248 -1 120 250 -1 253 252 -1 119 254 546 140 256 545 213 256 -1 217 256 569 253 258 -1 217 260 -1 150 262 -1 253 262 -1 214 264 -1 231 264 570 148 266 68 252 266 -1 116 268 549 248 271 571 209 275 -1 178 276 -1 182 276 -1 140 277 -1 198 277 -1 232 278 -1 115 279 -1 167 279 -1 171 279 -1 232 279 -1 243 279 -1 120 280 -1 155 280 -1 159 280 -1 163 280 265 127 282 -1 118 284 553 129 286 110 215 286 573 122 287 -1 117 288 553 231 289 -1 218 290 574 227 290 -1 222 291 523 117 292 -1 231 293 456 235 293 576
15 0.26080048394811978 0.0067742723876998883 -0.67120404238566655 0.69384605662292576 1.1972128163765929 4.378593836895873 2.8269244305323018 1 0014.png
182 120 552 186 120 552 178 121 -1 193 121 373 174 123 166 197 123 290 170 124 374 201 125 551 168 129 458 167 133 527 217 138 -1 234 139 309 207 140 163 240 140 248 244 142 -1 162 144 280 248 144 -1 252 146 -1 256 148 307 162 151 384 194 151 530 259 152 376 161 155 255 187 155 314 191 155 -1 184 160 377 188 160 -1 267 160 335 235 161 -1 231 162 -1 194 163 -1 179 164 -1 183 164 377 175 165 253 235 165 -1 271 165 -1 194 167 -1 207 168 -1 274 169 293 287 170 175 193 171 316 285 174 -1 289 174 175 192 175 -1 174 176 317 287 178 -1 292 178 246 293 185 378 196 186 559 196 187 -1 172 189 535 264 190 54 197 191 379 161 193 534 198 195 -1 152 199 380 198 199 -1 291 199 313 235 200 -1 239 200 -1 264 202 -1 149 203 -1 260 203 -1 276 203 249 290 203 294 256 204 219 272 204 315 237 205 -1 145 206 598 267 206 564 208 207 -1 198 208 -1 141 212 -1 249 214 318 241 215 -1 139 216 -1 199 216 -1 255 218 -1 241 219 -1 136 220 -1 169 221 -1 263 221 320 169 222 -1 264 225 297 134 228 -1 263 229 322 134 232 -1 262 233 322 133 234 -1 233 236 -1 188 237 566 255 237 323 133 238 -1 229 239 -1 143 240 -1 213 240 328 233 240 -1 190 241 539 133 242 367 191 245 -1 133 246 563 232 247 -1 133 251 371 199 254 -1 134 255 370 144 255 -1 201 258 569 135 259 331 199 262 -1 203 262 -1 136 263 331 231 263 -1 210 266 570 231 267 571 198 269 -1 223 270 -1 229 271 -1 196 273 -1 146 276 183 168 280 68 209 282 -1 167 284 68 145 286 547 198 287 -1 226 287 383 167 288 109 144 290 549 177 290 50 221 290 -1 181 291 599 186 291 572 203 291 573 225 291 576 211 292 523 207 293 574 145 296 82 158 302 110 149 304 553 150 308 553
16 -0.49276132214835983 0.00084078140703366911 0.60726675398618035 -0.62322761651287073 1.4675081355361828 4.1106038602584931 2.5655607159109217 1 0015.png
222 130 307 212 131 248 218 131 334 230 131 376 208 132 248 234 132 247 202 133 309 238 133 -1 242 134 -1 197 135 207 257 139 -1 269 139 175 273 140 175 152 141 373 156 141 290 148 142 552 163 142 551 167 143 551 144 144 -1 277 144 246 140 148 166 175 149 163 135 151 374 176 153 -1 135 155 242 135 160 231 207 160 -1 247 160 311 271 164 312 283 166 313 134 167 -1 250 167 -1 258 167 220 169 168 -1 254 169 158 278 169 359 282 170 294 134 171 280 178 174 -1 282 174 -1 154 175 314 178 175 -1 207 176 -1 230 176 -1 136 177 384 167 177 -1 229 180 -1 138 181 234 166 181 -1 229 181 -1 230 181 -1 274 181 315 258 183 219 159 184 253 225 184 -1 144 185 255 163 185 -1 167 185 316 229 185 -1 275 185 -1 228 189 -1 276 189 -1 175 190 -1 190 190 -1 227 194 381 162 196 317 253 196 -1 253 197 318 264 199 240 226 200 319 276 200 320 176 203 379 272 203 321 239 206 251 231 207 245 275 207 322 235 208 241 271 208 203 275 211 322 231 212 254 167 216 360 229 216 -1 274 216 323 225 223 -1 229 223 -1 270 226 299 163 227 598 243 227 336 261 229 325 161 238 -1 261 240 326 161 243 -1 187 246 327 191 246 328 161 247 -1 268 247 302 162 251 -1 216 251 -1 266 251 257 162 255 329 215 255 330 261 255 372 265 255 270 190 256 -1 163 259 304 263 259 270 164 263 -1 218 263 -1 251 263 596 190 265 -1 245 266 -1 167 268 -1 191 269 -1 220 269 -1 242 270 212 197 271 -1 169 272 -1 209 272 123 221 273 -1 239 274 -1 172 276 331 221 280 332 235 281 -1 232 285 -1 183 286 183 211 286 -1 220 287 383 228 287 -1 224 288 -1 188 289 -1 194 290 99 219 291 333 223 292 -1 205 297 109 185 299 549 186 304 82 198 304 -1 192 305 -1 201 308 110 192 312 78 194 316 553
17 0.70149087184913883 -0.00034705143377809176 -0.50291383906445797 0.5049634707036601 1.5074181027387097 3.966324731952628 2.436971061448947 1 0016.png
225 126 175 229 126 175 233 126 246 199 133 -1 195 134 247 191 136 376 245 137 41 187 138 307 181 142 334 218 142 -1 249 143 -1 177 145 248 239 151 312 252 152 294 169 155 207 255 156 35 247 157 249 251 158 -1 225 159 220 255 160 315 260 160 -1 266 161 30 221 163 -1 225 163 158 236 164 -1 223 167 -1 246 168 219 156 169 -1 271 170 -1 144 171 551 148 171 -1 139 173 290 153 173 -1 157 173 163 135 176 -1 130 179 552 259 180 239 263 180 239 267 180 320 271 180 -1 276 180 275 223 181 -1 127 183 165 199 184 -1 246 184 318 277 184 276 269 185 -1 126 187 165 279 188 -1 263 189 -1 267 189 203 271 189 -1 126 191 166 278 194 -1 128 195 242 236 195 222 240 195 -1 274 195 323 282 195 -1 128 199 231 225 199 278 229 199 251 208 201 319 218 202 67 126 203 231 136 203 -1 228 203 241 284 203 -1 151 204 252 130 205 -1 139 207 314 285 207 -1 154 208 -1 158 208 316 129 209 280 220 209 245 221 209 245 133 210 233 276 211 33 286 211 -1 151 212 -1 155 212 281 213 213 -1 222 213 254 255 213 -1 136 214 234 142 214 255 170 215 -1 251 215 52 278 216 -1 219 217 -1 223 217 59 247 218 336 251 219 -1 288 219 -1 279 220 326 222 221 300 226 221 282 292 225 302 277 229 36 292 229 257 165 231 -1 293 233 270 275 234 43 167 235 258 226 235 -1 295 237 270 274 238 43 168 239 -1 225 239 -1 172 247 -1 281 247 596 175 251 -1 220 254 -1 176 255 -1 206 255 -1 210 255 -1 216 256 288 180 257 -1 184 257 -1 256 257 259 206 259 260 210 259 -1 279 259 351 251 260 176 179 261 -1 255 261 212 259 261 -1 209 263 330 279 263 351 251 264 289 179 265 271 255 265 306 277 267 264 181 270 170 273 273 265 181 274 171 270 277 599 181 278 267 266 279 599 200 281 123 263 283 50 216 288 332 220 288 183 236 288 68 250 290 109 216 292 -1 203 295 174 214 298 333 194 301 99 198 301 99 211 302 -1 228 302 -1 203 303 526 207 303 -1 247 304 110 231 307 82 231 308 82 240 310 553 236 312 78 244 312 73 240 314 553
18 0.85922327792891184 -0.0040983007488988596 -0.36681404862917105 0.35660344407246469 1.5100576839616979 3.7048826135052439 2.2042555729356836 1 0017.png
207 128 45 195 129 -1 200 129 202 212 129 41 182 131 175 218 131 153 222 133 40 242 140 30 248 141 149 234 142 35 252 142 24 198 143 -1 173 144 -1 213 144 -1 256 144 -1 213 148 249 184 150 -1 167 155 247 268 155 142 213 156 244 226 157 219 167 160 160 207 161 54 193 162 220 241 163 239 199 164 158 203 164 158 162 166 334 255 166 -1 279 167 10 251 168 203 295 168 -1 161 170 -1 255 170 42 235 171 240 268 171 -1 298 172 3 217 173 -1 160 174 207 257 174 42 213 175 -1 233 175 240 302 176 -1 232 179 -1 175 180 -1 304 180 -1 230 183 159 305 184 -1 281 185 33 207 188 -1 306 188 -1 227 189 222 240 192 223 226 193 224 157 194 -1 272 196 -1 218 198 241 147 199 551 247 201 52 311 201 270 143 202 290 217 202 245 290 202 36 207 205 67 212 205 -1 245 205 336 311 205 270 216 206 245 289 206 -1 139 208 552 220 208 254 256 208 -1 287 210 43 224 213 -1 271 214 228 285 214 43 138 215 165 207 217 -1 223 217 229 227 217 300 138 219 166 265 219 184 139 223 242 144 223 -1 176 223 -1 160 225 252 313 225 -1 140 227 231 160 229 -1 313 229 -1 143 231 214 184 231 -1 165 232 232 313 233 -1 147 235 233 151 236 234 167 236 281 177 237 -1 292 237 55 229 239 148 312 239 264 229 243 148 271 244 212 311 245 265 229 247 124 263 248 176 267 248 289 271 248 306 174 251 258 309 251 599 264 252 289 268 252 289 307 255 599 224 259 -1 303 260 50 217 263 87 208 264 120 212 265 260 232 265 -1 184 266 -1 188 266 91 279 266 -1 207 268 -1 239 268 86 212 269 -1 216 269 -1 293 270 109 244 271 -1 183 272 145 272 273 68 184 276 238 283 276 65 264 278 183 185 280 -1 295 280 -1 203 284 -1 295 284 110 223 285 216 213 287 -1 295 288 110 274 291 168 296 292 66 222 294 143 218 295 -1 278 295 82 282 296 78 290 296 73 223 298 -1 286 298 553 216 299 -1 290 300 553 215 303 526 211 304 -1 207 305 99
19 0.96174572404511505 -0.0043654131378503243 -0.19739077182626791 0.1899025767252871 1.2647884924859041 3.4910588487805478 2.0168320788274987 1 0018.png
224 131 24 248 131 13 220 132 149 252 132 142 256 132 8 297 132 -1 216 133 30 287 133 1 279 134 -1 283 134 5 293 134 3 237 135 23 212 136 32 297 136 -1 191 137 40 184 138 153 195 138 38 199 138 37 208 138 -1 302 138 199 179 139 41 203 139 35 171 140 45 175 140 41 263 141 204 303 142 -1 168 144 47 247 144 -1 164 146 202 274 148 18 309 148 102 261 151 25 175 152 -1 298 152 -1 154 153 -1 293 153 12 288 155 19 314 155 6 152 157 175 208 157 -1 156 158 -1 201 159 219 212 159 239 287 159 22 317 159 7 152 161 175 182 161 244 265 161 33 232 162 42 276 162 31 303 162 -1 162 163 427 307 163 17 183 165 244 303 166 -1 289 167 27 153 168 60 184 169 54 210 169 240 225 169 486 282 170 -1 327 172 11 210 173 240 306 173 29 282 174 36 160 175 -1 179 176 158 329 176 492 175 178 -1 161 179 -1 194 180 -1 335 180 14 171 181 220 280 181 -1 264 183 49 339 183 15 162 184 118 166 184 -1 343 184 -1 170 185 -1 281 185 43 262 187 -1 163 188 -1 283 189 -1 238 191 336 352 191 404 191 192 -1 287 192 -1 214 195 241 300 196 46 356 196 21 214 199 241 352 199 215 342 200 28 356 200 507 231 202 59 216 203 245 316 203 44 352 203 -1 166 204 206 269 205 -1 312 205 -1 232 207 61 223 208 -1 351 208 34 200 210 67 339 210 39 298 211 55 234 212 200 169 218 163 269 221 162 200 223 -1 335 223 50 168 224 164 271 227 212 164 228 290 188 231 -1 242 231 -1 266 231 -1 270 231 176 274 231 289 165 232 165 173 232 -1 329 234 58 236 235 148 240 235 148 266 235 -1 270 235 -1 165 236 -1 274 236 289 328 238 58 270 239 -1 165 240 166 236 240 -1 240 240 124 167 244 -1 240 244 124 172 248 214 182 251 -1 251 251 428 314 252 65 257 253 428 261 253 85 298 253 68 235 255 87 267 255 86 271 255 -1 275 255 147 279 256 -1 287 256 75 294 256 69 298 257 70 335 257 110 234 259 88 335 261 66 224 265 -1 191 268 -1 223 269 89 333 269 73 318 271 82 329 271 553 194 272 91 227 272 90 322 272 78 333 273 553 213 274 -1 197 280 271 235 283 -1 197 284 238 236 287 216 199 288 -1 217 289 123 237 291 143 237 295 143 228 298 174 232 298 174 236 299 96 229 302 526 225 304 99 221 305 99 229 306 526
20 0.99990827664390713 -0.0049491732476223274 -0.012507574004723019 0.001582585129830336 1.0367819062504002 3.475018271052039 1.9690898802994838 1 0019.png
260 105 1 272 105 199 276 105 199 264 106 3 268 106 -1 280 107 127 284 108 102 258 109 -1 288 109 102 293 112 6 298 115 7 305 120 157 291 121 128 231 122 8 226 123 -1 235 123 -1 239 123 10 222 124 142 315 124 11 291 125 -1 265 126 -1 261 127 12 322 127 -1 214 129 13 328 129 14 335 129 15 340 129 16 344 129 -1 287 130 -1 276 131 17 245 132 18 256 133 19 359 133 404 297 135 -1 301 135 -1 220 136 -1 233 136 -1 305 136 103 367 136 21 255 137 22 199 138 150 204 138 23 194 139 24 233 140 25 366 140 104 370 140 507 256 141 -1 285 143 105 359 143 -1 260 144 27 347 144 28 366 144 -1 370 144 126 274 145 29 186 146 30 232 146 -1 270 146 -1 247 148 31 185 150 32 233 150 33 251 150 156 363 151 34 181 152 -1 359 153 177 234 154 -1 254 154 36 177 155 37 173 157 38 207 158 -1 254 158 -1 347 158 39 169 159 40 277 159 -1 184 161 -1 237 161 181 207 162 -1 160 166 41 193 166 -1 204 168 42 255 169 43 300 169 44 304 169 44 156 170 45 188 170 239 283 172 46 303 173 -1 154 174 47 187 174 239 241 174 49 345 175 50 206 176 486 152 180 136 230 182 108 344 183 -1 152 184 -1 166 184 244 230 186 52 287 186 55 193 187 240 173 189 54 286 190 55 195 192 159 262 192 -1 149 193 175 153 194 427 344 194 58 199 195 -1 232 196 -1 203 197 135 256 197 -1 152 198 60 346 198 109 232 200 59 156 203 -1 169 204 -1 231 204 -1 265 205 162 214 207 245 233 208 -1 218 209 245 355 210 -1 358 215 110 359 215 110 257 216 -1 335 216 65 360 219 66 203 220 67 242 222 117 183 224 -1 316 224 68 362 224 -1 314 228 69 318 228 70 250 230 148 246 231 148 358 231 180 362 232 73 250 234 124 304 235 75 358 235 553 335 236 134 358 236 -1 362 236 553 214 237 -1 350 237 78 253 238 124 288 238 147 293 238 147 346 238 82 268 239 428 272 239 428 276 239 85 280 239 -1 284 239 86 252 250 87 281 250 -1 199 251 119 200 255 -1 256 257 -1 251 258 88 202 260 -1 263 263 -1 268 263 -1 272 263 -1 204 264 201 205 268 201 241 269 89 242 269 141 233 270 120 237 270 89 228 271 -1 224 273 -1 244 273 90 212 278 91 215 285 145 254 288 143 215 289 145 255 292 143 254 296 96 248 298 174 230 300 -1 245 302 526 249 302 526 239 304 -1 244 306 99
21 0.96911613617264514 -0.020667393895481164 0.17189038390316025 -0.17561454769180243 0.68330038587567743 3.4829373400147645 1.8380901275088664 1 0020.png
336 72 385 324 74 -1 312 75 -1 316 75 404 308 76 125 332 76 -1 336 76 507 300 80 16 335 80 126 296 84 -1 336 84 -1 292 86 15 284 87 14 288 87 14 266 88 157 270 88 11 335 88 34 251 89 7 255 89 7 236 90 -1 240 90 102 244 90 6 232 91 127 223 92 199 227 92 199 311 93 28 219 94 178 216 98 3 330 99 177 210 105 5 238 105 128 322 108 39 207 112 151 323 112 -1 251 114 103 247 115 -1 235 119 -1 328 119 -1 203 124 10 223 124 17 199 128 8 334 128 -1 229 129 105 335 132 179 193 133 142 216 133 -1 217 139 -1 290 142 -1 186 143 343 215 143 27 219 144 156 209 145 -1 236 145 -1 286 145 -1 290 146 -1 237 149 -1 294 149 198 254 150 -1 290 150 198 325 150 58 258 151 44 262 151 44 331 152 -1 336 152 -1 192 153 -1 286 153 -1 290 154 132 294 154 132 327 154 -1 337 154 -1 179 155 23 201 156 33 333 156 -1 328 158 -1 337 158 -1 254 160 -1 262 161 -1 341 161 -1 242 163 46 175 164 -1 213 164 181 173 168 -1 220 169 43 349 169 110 171 172 30 179 175 -1 207 176 182 251 176 55 269 176 -1 327 176 65 356 178 -1 168 179 35 211 181 -1 186 183 42 191 184 486 359 184 73 211 185 108 167 186 -1 359 188 73 213 189 52 169 190 483 356 192 -1 360 192 -1 364 192 -1 173 193 239 231 193 133 360 196 -1 314 199 70 161 200 146 318 201 70 328 201 -1 339 201 168 344 201 -1 180 202 240 217 202 187 334 202 134 314 203 69 160 204 47 160 208 -1 191 209 -1 219 209 61 195 210 135 199 211 -1 160 212 136 220 213 -1 306 213 75 224 216 200 180 217 116 294 218 147 160 219 155 230 219 137 289 221 -1 158 223 175 166 223 427 285 223 -1 162 224 -1 248 225 -1 252 225 148 259 226 -1 276 226 428 209 227 67 165 228 60 173 228 138 169 229 -1 250 229 148 263 229 396 257 230 124 267 230 193 196 231 -1 200 234 195 204 236 139 205 240 140 266 241 87 266 245 87 264 252 88 263 256 -1 218 259 119 263 260 196 219 263 -1 221 267 -1 259 268 141 255 270 421 247 271 120 251 271 89 225 272 201 259 272 90 230 278 197 267 284 143 256 288 422 268 288 143 234 290 145 264 292 174 268 292 96 265 296 174 261 298 174 265 300 526 245 301 171 256 301 424 261 302 526
22 0.88063041852718327 -0.012554837889861101 0.30944214085623178 -0.35857775094463035 0.79156390186906755 3.7345612213458286 1.9567100848595755 1 0021.png
240 42 385 240 46 507 232 48 -1 244 48 -1 240 50 -1 250 54 -1 227 56 404 252 58 34 222 63 125 220 67 16 257 70 408 219 71 -1 232 75 28 261 75 338 216 78 15 272 80 480 214 82 14 241 87 340 285 87 406 289 89 -1 200 93 157 292 93 -1 196 96 11 191 99 -1 298 99 387 191 100 -1 187 101 7 300 103 -1 183 104 6 304 109 -1 172 113 127 306 113 -1 168 114 -1 172 117 -1 307 117 -1 168 118 -1 240 121 -1 167 122 -1 225 122 -1 229 122 -1 310 124 -1 221 125 -1 247 125 -1 267 125 -1 282 125 -1 166 126 -1 263 127 -1 311 128 -1 267 129 58 271 129 412 166 130 -1 263 131 -1 267 133 413 272 133 -1 311 134 -1 303 138 -1 312 138 -1 166 139 151 312 142 -1 166 143 -1 256 143 -1 231 144 -1 268 144 -1 167 147 -1 313 147 -1 167 151 10 312 151 -1 180 155 -1 309 156 -1 165 157 -1 277 157 389 184 158 -1 214 159 -1 304 159 -1 308 160 -1 164 161 417 200 162 44 186 163 -1 308 164 -1 200 166 390 204 169 -1 307 175 -1 195 177 46 292 177 -1 166 178 -1 288 178 -1 273 179 442 166 184 -1 162 187 23 206 187 55 300 188 391 162 191 392 187 192 43 162 195 -1 189 196 -1 163 199 393 218 199 -1 189 200 182 287 202 -1 167 204 394 281 205 -1 181 206 -1 169 208 42 279 209 396 170 212 -1 172 217 483 292 217 -1 176 220 -1 203 220 111 292 221 -1 176 224 -1 199 224 -1 203 224 -1 242 224 -1 246 224 -1 253 224 -1 292 225 -1 227 226 -1 203 228 -1 212 228 -1 242 228 -1 197 229 -1 207 229 -1 216 229 -1 291 229 -1 222 230 -1 226 230 -1 230 230 -1 290 233 -1 286 234 -1 196 235 116 214 236 402 175 237 136 287 238 484 216 240 -1 184 242 427 277 242 -1 176 244 175 180 245 175 193 245 138 184 246 -1 188 247 60 224 247 347 275 253 196 229 255 -1 231 259 405 270 270 -1 244 274 201 244 275 201 276 280 143 256 291 423 263 291 -1 273 291 174 259 295 123 263 295 123 275 295 526 252 298 576 262 299 350 266 300 350
23 0.73379239145011443 -0.017265004540399614 0.43809243836741685 -0.5189659539058733 0.83074780828724337 3.899049711606553 2.1098132234841351 1 0022.png
133 85 385 137 86 507 203 86 429 207 86 406 211 86 458 194 87 480 198 87 -1 199 87 -1 215 87 -1 219 87 -1 224 88 -1 172 90 408 180 90 -1 231 90 -1 176 91 338 235 92 -1 240 93 -1 242 97 -1 246 99 -1 248 103 -1 252 107 -1 256 112 430 150 113 28 154 114 -1 158 114 -1 159 118 340 260 118 432 147 121 -1 262 122 -1 214 129 -1 144 131 157 219 131 -1 267 131 433 223 132 -1 211 133 410 215 133 505 219 135 505 269 135 -1 143 136 -1 224 136 -1 228 139 -1 270 139 411 142 140 435 162 143 -1 183 145 -1 187 145 412 234 146 485 271 146 -1 141 148 438 186 149 58 237 150 -1 272 151 460 141 152 -1 187 153 413 238 154 437 160 155 -1 141 156 440 238 160 439 142 163 457 237 164 463 204 167 389 143 168 481 236 168 -1 207 171 -1 144 172 481 272 175 414 231 176 466 298 183 415 279 184 464 302 185 462 218 186 442 222 186 416 284 187 344 151 189 10 144 194 -1 144 200 417 148 200 473 309 200 418 144 204 417 311 204 -1 254 209 -1 144 210 446 306 210 419 310 210 448 146 214 -1 176 214 55 250 214 420 305 214 401 309 214 484 246 218 447 284 218 -1 288 218 451 307 218 484 301 220 452 297 221 467 164 223 593 168 225 -1 172 229 -1 226 231 482 284 233 497 225 235 600 184 239 483 223 239 600 201 242 398 221 247 475 237 251 347 219 253 -1 210 254 427 240 256 -1 264 256 518 218 257 138 279 257 469 206 258 175 210 258 175 214 258 60 272 263 421 276 263 -1 276 267 525 252 271 -1 277 271 474 278 275 586 268 281 422 252 288 423 279 289 526 257 295 456 264 295 590 270 297 350 257 299 576
24 0.53558317882631867 -0.023128100317331916 0.55291205985641201 -0.63789027551715083 0.72954389785979079 4.1083005850333638 2.2929484867007393 1 0023.png
160 115 -1 164 115 -1 168 115 -1 173 115 -1 155 116 510 177 116 -1 147 117 -1 151 117 -1 187 118 -1 191 119 487 195 120 -1 144 121 512 199 121 -1 208 127 433 134 128 -1 216 132 -1 219 136 -1 223 139 -1 118 143 338 225 143 380 114 145 408 200 146 -1 101 148 -1 84 158 507 84 159 507 231 160 511 235 161 490 250 161 491 287 161 415 291 161 462 260 162 -1 264 162 -1 268 163 -1 274 164 344 278 164 345 147 167 -1 155 168 -1 276 168 -1 303 168 -1 98 170 493 151 170 -1 146 171 505 142 172 410 160 172 485 276 172 -1 308 172 -1 112 174 340 164 174 485 168 177 437 312 177 577 309 181 509 313 183 484 172 184 439 305 184 401 309 185 401 250 186 494 113 187 -1 174 188 463 308 189 452 113 191 -1 129 191 -1 174 192 -1 287 193 451 299 193 467 303 193 495 126 195 -1 114 196 -1 175 196 -1 125 199 -1 236 199 496 114 200 -1 171 200 -1 175 200 508 119 204 -1 233 205 445 172 206 -1 173 206 517 129 207 -1 121 208 -1 233 209 420 170 210 416 286 210 -1 126 211 -1 122 212 -1 166 212 442 160 213 -1 233 213 420 286 214 497 145 215 -1 149 215 -1 155 215 -1 123 216 481 286 218 513 133 225 -1 142 231 596 223 231 498 285 231 594 222 235 482 284 235 594 221 239 137 284 240 515 148 244 446 152 244 -1 221 244 600 283 244 469 170 246 593 159 247 477 229 248 -1 192 251 453 204 253 454 184 254 592 188 255 -1 192 255 -1 196 255 -1 200 255 522 279 256 525 234 260 -1 279 260 -1 246 262 519 280 264 474 277 268 595 281 268 586 280 272 595 279 276 502 244 279 503 257 280 422 256 281 -1 272 281 -1 244 283 -1 270 285 -1 245 287 -1 246 291 523 254 293 504 250 295 456 254 297 576 258 297 524
