# 3D point list with one line of data per point:
#   POINT3D_ID, X, Y, Z, R, G, B, ERROR, TRACK[] as (IMAGE_ID, POINT2D_IDX)
# Number of points: 453, mean track length: 4.8233995584988962
598 2.3578530368504405 -4.0327945389658488 5.7459098262537864 5 5 3 1.5459677749005438 13 11 15 68 14 37 16 86
597 0.71462207534191657 -3.2943641458257344 6.31245607607935 0 0 0 0.44964869874035768 14 17 2 22
594 -0.24436302737763019 -2.31567483685075 5.0816437401634316 43 44 28 2.1228132863685896 24 98 13 65 2 48 24 96 13 64 12 74
592 0.20076867445010652 -4.0738365462914041 3.2660213430355114 88 82 58 1.2320574027197613 1 107 24 110 2 105
589 0.28046750175526441 -3.529652049830772 3.6555101430274743 106 114 81 0.60323649454234274 1 89 12 87 2 80
550 0.56665243620144157 -4.6140110704474235 2.9251595968985131 110 111 72 1.0371114031756261 3 99 1 113 4 102
545 2.3141444607095876 -3.5337167794257627 3.6343705923783882 197 170 96 1.7164190945179585 13 74 1 88 14 91 4 116
541 0.55542032526007101 -1.9532389591926942 3.6009754225385442 191 188 131 1.1769214236868599 3 75 1 74
540 1.7198552410613099 -4.0459241621228221 4.1355637071151152 239 219 128 2.4381952571815937 13 66 1 71
539 0.73345391241384594 -2.8213116605112485 4.1918592370897869 153 139 71 1.2508230110516996 3 66 15 97 1 54 14 78
538 -0.11091047490486129 -1.93402440600008 4.1920244761185383 207 205 152 1.4335243690410295 3 47 1 42
537 2.8663652318880222 -3.8091999574820403 5.273697575726211 0 0 0 0.078494885098096781 3 74 1 39
536 2.7008035542491688 -3.6375694876784128 5.273478454359914 26 23 14 0.40423992406147646 3 72 1 38
535 1.1436093663438021 -3.7763131919363873 5.7927610031354675 18 19 14 2.0999386989561799 12 37 15 50 2 35
534 1.5306321913018845 -3.9218638190121768 5.8834726932142072 40 38 25 1.1584329669124751 15 53 1 31 14 29 13 34 2 28
533 2.0737861666061339 -3.9453923642905249 5.8449320050934643 18 16 9 1.8242423292595582 3 57 1 29 2 18
532 -0.2070483570542492 -2.4318936460505798 5.3790847305576719 0 0 0 0.72736527004983631 12 72 13 58
531 0.80690297921146859 -4.232024407995568 6.4926125171096647 39 36 26 1.5828953370515666 13 26 1 22 2 30
530 -0.028017698725044848 -3.1756852232327804 6.3444625949860747 166 174 122 0.23343831736054968 15 20 1 18
528 -0.099792246124816186 -2.4749552908668506 6.6882798546809425 145 160 118 0.37297764267266292 3 8 1 7
527 0.30970381509726924 -2.6062032783968805 6.8411255971902367 21 21 14 1.536303947471038 15 9 1 4 14 6
526 0.39638797484724841 -1.6275582830110138 3.2863909103819395 96 86 50 2.2133044694879138 20 181 19 177 8 119 21 175 19 180 8 120 21 178 20 182 7 134 7 135 7 137 9 117 9 118 6 135 6 141 18 151 17 153 10 114 11 104 22 155 23 123
525 -0.11514167776438118 -2.0114767730526983 4.3167452319312645 66 64 43 1.9113824398417336 24 115 13 88 13 92 12 84 23 117 12 83 2 57
524 0.0017258782503577102 -1.8572395432216888 3.1462102278524005 117 112 73 0.49412726374726573 24 135 13 126
523 0.34933135091742634 -1.9543061383141225 3.0760280862693303 122 99 54 1.5082353446214061 24 131 13 121 14 128 15 133
522 0.41857850267631197 -3.4382571077526656 3.3323615448117923 94 94 66 0.050812889320773116 24 114 13 112
520 1.9664443619503236 -2.9698449906003317 2.8176967132870026 80 71 43 2.0221329347586625 3 111 13 102
519 0.26373352563857033 -2.421451112599645 3.7063334681309272 100 89 62 1.7173105352801303 24 118 13 101
518 1.3488502178519022 -2.0738673257114524 2.8717765086133338 0 0 0 1.1862309183208604 12 75 23 109
517 2.0230628860254281 -3.2801490397524176 3.3220475625261905 210 194 117 0.21060088210153924 24 76 13 85
516 0.72520576946573712 -3.1825568395691213 4.0983458423072285 214 186 104 1.0723480238840926 12 71 13 82 14 80
515 -0.19743350110743643 -2.1821131173864261 4.8318521881835661 79 80 59 0.54724929545972223 24 100 13 75
513 -0.24646336508891414 -2.4995695957513502 5.5759407279456887 38 40 29 0.75552724379724578 24 92 13 56
512 3.3476178546456907 -4.4161957258055136 4.368002554561822 0 0 0 0.90857761629227252 24 11 13 46
511 1.4471730099418898 -3.6748069287938714 5.6038431742103372 77 74 45 0.99193772033826488 24 25 13 41
510 3.2613667166207856 -4.6605319205107429 4.8369731702641658 0 0 0 0.80517594292746242 12 6 24 4 13 36
509 0.17714122174507671 -2.2235269957377675 6.5815656650834322 110 115 87 0.88535040890732875 24 50 13 14
508 2.3000329234311336 -2.9632227263738984 3.256991574837965 231 213 131 0.27682704107625578 12 42 24 72
507 3.3163835199303491 -5.3149855568856132 3.0432778775857838 12 13 9 1.5943525585221157 12 24 24 24 20 45 19 94 8 18 21 6 7 61 9 1 6 113 10 1 22 1 23 1 11 0 24 23 13 76
505 2.7646735876669957 -3.6874369174413504 3.4452109452393769 159 146 85 1.9819550060115929 23 35 11 21 12 25 24 41 23 36 12 21
504 -0.015148075033346937 -2.0229592913733501 3.1914242787902984 139 126 73 2.0240528391668096 12 113 24 132 13 122 2 92
503 0.24912623033040393 -2.2326657211531424 3.2632593500721692 38 33 25 1.9404378812295604 12 107 24 124 13 118
502 -0.13034161377247022 -1.7782837513865446 3.808285366584641 52 48 35 0.6270405738535636 12 102 24 123 13 113 2 75
498 0.53120221980668025 -3.2526464493545042 4.0790838338338364 169 158 101 1.7035547745064801 12 73 24 95 13 83 2 70
497 -0.091853751372732398 -2.4182662625983307 5.5824686279504325 61 62 36 1.438437284199968 23 99 24 87 13 54
496 0.87221188574783104 -3.2838608388250092 4.8570682707454687 147 127 74 1.5852088007806817 12 60 24 69 13 60 1 41 14 53 2 44
495 -0.14956390329242178 -2.3894519466825024 6.47854363523924 58 62 53 0.34324523843954924 12 62 24 64
494 1.0132722094941207 -3.0041410833619264 5.2525004031456888 147 130 73 1.1527591427045301 12 48 24 55 13 48 2 36
493 2.9741479355858029 -5.0958137957415008 3.0981183026000534 41 38 21 0.36999848790750445 11 14 24 39 13 80
492 2.2968969827351966 -5.6207127675801125 3.342016670508142 0 0 0 1.3484402050129611 7 41 19 67 6 74
491 1.2683518538447927 -3.3130371687503071 5.8700246938869096 32 29 18 0.213857145479217 24 27 13 30
490 1.3793197910501511 -3.6229969787430911 5.6808669234129718 64 61 30 0.49016675000925503 24 26 13 40
487 2.6765407324513824 -4.4643941397463864 5.6403024940572299 32 31 20 0.61849349100757833 24 9 13 15
486 -0.43220713638123792 -4.5589238012594171 4.1237699022375995 211 207 129 2.1513084664016358 19 59 20 90 8 46 21 94
485 2.637608783080303 -3.3690204603556291 3.5398048982843044 164 149 85 1.3722391075135894 23 46 11 29 12 26 24 47 24 43
484 0.13533079019173941 -2.1196442906487269 6.5902130899283522 58 61 43 1.9943828880791135 10 98 22 133 23 92 11 77 12 53 10 95 23 88 11 74 24 51 13 8
483 -1.0072949729278069 -4.7549653648012082 4.2071001954693612 38 36 25 1.4642932141979217 11 92 12 108 9 65 21 100 23 101 10 82 22 105
482 0.37947250341863958 -3.3684170230909185 4.0195741989171339 104 109 80 1.6248216925737757 9 81 10 81 7 82 23 98 12 78 24 97 13 87 2 74
481 1.6559062093883867 -5.0756124558506794 2.9307951361637055 21 19 13 1.8468155877503167 23 61 11 50 12 69 23 64 24 91
480 3.2440029917092756 -4.9459462442768052 4.2312354416741931 29 28 18 1.2301576807947017 12 14 9 22 10 8 22 15 23 5 11 6 11 5 13 50
477 0.40310169767136794 -4.8192348095220767 3.069425153725581 44 42 28 1.0717053388854278 11 70 12 96 24 106 2 108
476 -1.0893117888548769 -3.8988034975388541 5.1309235152883002 92 88 60 0.56401591019886466 11 96 12 95
475 0.11891005197634666 -3.2519067085117563 3.744774670567423 109 115 62 1.6530176590225314 23 104 12 89
474 -0.089059743116442477 -1.91157190684009 4.1308312318545752 47 49 26 1.5960449719586101 23 119 12 88 24 119 13 93 2 60
473 0.80025505778380257 -5.0219792906890097 2.9891042425230103 107 92 51 2.7493852402386101 23 76 1 114 2 106
471 0.39185977579680864 -2.3126087318469439 3.800222996106688 133 120 70 1.4690618293352309 11 91 12 81 2 68
469 -0.14726136890547226 -2.1102123180999972 4.6790527682117116 62 60 40 1.7335400183049943 23 111 12 77 24 104 13 79 13 81 2 52
467 0.004665892153320866 -2.3666873102682877 6.2742038635567079 87 95 74 1.5898931508602818 11 76 23 94 12 61 24 63 13 38
466 2.1306182115641521 -3.2517613473428812 3.4332201761796024 220 198 122 0.67071441631957396 23 66 12 45
464 1.1970374506550605 -2.9882254118729468 5.60017050504685 31 30 20 0.52125550792466202 23 68 12 39
463 2.3177527825327058 -3.2434573630847945 3.5349309874675927 223 203 108 0.71161945134243643 23 59 12 35 24 57
462 0.89664616623762561 -2.5934015628983893 6.551267661448021 40 37 25 1.7896836523546826 23 69 12 31 24 29
460 1.9887473175874473 -3.4140555991115682 5.533346684822301 53 50 29 1.354572612559847 11 43 23 51 12 18 13 23
459 2.1817998052360221 -3.4257759069343803 5.4091952435219497 17 16 10 0.71517854765172795 11 37 12 16
458 2.1389778671511981 -8.4928026697301693 9.8777161976355092 0 0 0 0.58472521036490088 15 8 23 4
457 1.5922323632166555 -5.4500403525187338 3.2038120798683787 0 0 0 1.0427765161074709 23 58 11 47
456 0.16773427385895087 -1.9198746071579431 3.0732054010225496 142 130 80 1.960455339907897 23 124 11 110 24 133 13 123 13 124 14 130 2 95 2 96
454 0.32372367486023829 -3.4720100937108178 3.4716293095056581 129 136 93 1.0009818087434503 11 84 24 109 13 108 2 82
453 0.15525928914156226 -3.9469094601467241 3.4945156321073965 97 88 66 1.6228485586863501 10 67 11 83 12 93 24 108
452 -0.026218024141035964 -2.204824680771448 6.4592023714193809 46 48 38 1.5377910641327439 10 99 23 93 11 80 12 57 24 58 13 29
451 0.12046035699558214 -2.5848741205393728 6.0640429651908985 36 35 25 1.4388468893426782 12 63 23 91 24 62 13 43
448 0.33629923233968684 -2.1529501613005313 6.6174272952499074 78 81 53 1.4796081211957488 10 91 11 69 12 46 23 83
447 0.97536062673659363 -2.9967939151318737 4.0076915220522116 137 121 68 0.77450810591558616 23 89 11 66
446 0.5688907284920246 -5.097354895255731 2.9664039678345677 27 24 10 0.88638119818575833 10 47 23 81 11 64 12 90 24 101
445 0.83712080595393756 -3.2368634964390628 4.7039133007570628 111 97 55 0.71715979411243425 11 63 12 65 24 74 13 62 14 59 2 50
442 1.9959301643603979 -3.3485471688040396 3.1589833181686662 203 185 108 0.99348443666313535 22 86 23 70 11 49 12 58 24 84 13 91
440 1.7414452057307139 -5.4632273512391283 3.176418400461722 0 0 0 1.5075973305927981 23 56 11 44 12 68
439 2.402970166321388 -3.24577608218882 3.5359756620218787 170 153 93 1.064024539226891 23 57 11 40 12 33 24 52
438 1.9922868912154181 -5.4014739325126468 3.1414280786304229 35 34 24 0.8473990148235564 23 48 11 39 12 64
437 2.5084552216741409 -3.2915874468266439 3.5643529520703794 155 145 82 1.8136151446519013 23 54 11 35 12 28 24 48
435 2.1647867130286711 -5.4195770403616432 3.1910565796359349 17 17 11 1.2722645206756542 23 42 11 30 12 59
433 2.5646478302155682 -3.5330956269573521 5.2320796864381496 30 30 17 1.8727367051913717 23 32 11 26 12 13 24 13
432 2.6094675575914561 -3.9059708777465536 5.643203301414097 29 28 17 1.8076850620171514 23 26 11 24 12 12
430 2.9495786954704353 -3.7157147629864671 4.8814360400188477 30 29 18 1.2358712139526258 23 21 11 18 12 5
429 3.2751578643626278 -4.8303593712488082 4.4319764562729196 37 36 24 0.84610178931564639 23 2 11 2
428 1.1375886172795198 -2.9569466066294674 3.9848417530224371 64 63 46 2.2758458971250688 20 149 19 139 21 139 20 150 19 141
427 -1.7747376275811262 -4.1419396974276594 4.8857740446844673 170 183 135 1.8443839111602387 20 104 19 51 8 67 7 34 9 89 10 103 22 135 21 133 9 91 11 102 23 107
424 0.3288883997472638 -1.8050129274967883 2.9144473092176186 141 129 77 0.050923083659903973 21 177 11 111
423 0.30585296256232686 -2.0376569602002501 3.0185474719755585 36 33 21 1.5139069430147394 22 150 23 122 12 111
422 0.33724839779682114 -1.9154357061973888 3.3643317055342075 203 187 102 0.97477504126022885 21 168 23 121 24 125
421 0.32846052747617815 -2.1257582052517763 3.9441931004161925 97 90 47 2.6589796441158127 21 161 23 115
420 0.80370700123748906 -3.1275706169482635 4.5084939331003113 118 101 59 1.5663687483739268 23 86 11 67 12 67 24 79 24 86 2 51
419 0.28502311022992649 -2.2546298319053681 6.5469941026004514 94 97 72 1.179667758397511 10 90 23 82 12 49 13 7
418 0.47132733814447114 -2.3261651064241509 6.879528047523122 42 42 27 2.2407989155090484 10 87 23 77 11 62 12 41 11 65
417 0.62196126598831447 -5.29295300335568 3.1123966057803227 107 94 58 1.5264509989025392 22 75 23 75 10 46 11 61 10 42 23 78 12 85
416 2.0179120694331498 -3.273832469086674 3.2208042857324743 193 185 106 1.4415481147597027 10 43 23 71 11 48 24 80 13 89
415 0.89707848981092031 -2.7339826194392076 6.5540933468811415 33 33 19 1.6775194362564811 10 78 23 67 11 56 12 30 24 28 13 0
414 0.76554011621450346 -3.591964027435421 6.7774071652843269 54 50 29 0.37794406000827296 10 62 23 65
413 2.4793835998905425 -3.9149344508458617 2.9214809038767897 221 212 122 0.72914739417077712 22 52 23 53 11 31
412 2.5853365065231158 -3.9353092763506292 2.9600832435525337 249 237 130 0.94214596644052229 22 49 23 45
411 2.3227144826595034 -3.4088199131282799 5.2941406723656659 36 35 19 1.8538286958520427 10 44 23 41 11 36
410 2.7768466331510786 -3.778102341343232 3.3732585690050723 238 210 117 1.0197412651153106 10 21 23 34 11 20 12 27 10 22 24 42
409 3.2191452101233868 -4.1472167825342678 4.8200877825913153 12 12 7 0.51088910631153284 10 17 11 12 12 1
408 3.1754963814934789 -5.1562811440202925 3.7973741730067987 30 29 17 0.46776342444589486 22 10 23 11 24 20
406 3.2888081307599362 -4.7070307451221121 4.4323110426992729 27 26 14 1.1537877189903589 22 18 23 3 11 3
405 -0.57343303287864511 -2.7891079472946232 4.4915366341534035 55 59 48 0.14641901477395164 22 145 11 98
404 3.018135237579445 -5.4507621357034211 3.054987243518783 15 12 8 1.8188139611767038 20 32 19 85 7 52 9 2 9 3 6 103 10 4 22 6 10 2 21 3
402 -0.89904028646340961 -3.623880275157001 5.1462345822906856 66 73 55 1.4129529925499238 10 97 22 131 11 93
401 0.18427206064644136 -2.208744560040814 6.4527602248346696 102 109 78 1.3831850263413248 10 94 23 87 11 73 12 52 24 53 24 54 13 20
398 -0.71991004670237402 -4.1582660611315578 4.1680774924185036 160 155 87 2.2311959525948977 23 103 12 105 1 76 9 73 11 95 7 42 2 85
396 0.70748466692270651 -2.9395971307461002 6.3810384346627798 68 65 39 1.6904153187271094 21 145 22 103
394 -0.76725766483194513 -5.067260673961024 4.1447726083771501 110 108 73 1.2796090971450433 10 65 22 99 11 87 12 104
393 -0.6887821610075463 -5.1816057542379452 4.0490451678381412 46 48 34 0.75557675449003647 10 63 22 95 11 85 12 103
392 -0.59897946633445953 -5.3578619431889143 4.0769965618482011 51 50 37 1.1381500388274377 10 59 22 91 11 82 12 101
391 1.9485074168268048 -2.9695396718381799 4.4661186974175173 42 45 28 0.38355439543186787 10 52 22 90
390 1.3009865460767343 -4.408971744883285 2.7705700106996671 242 240 165 0.66594560304266504 10 40 22 79
389 2.332939719632555 -3.5569654568102544 2.9902871691153137 224 193 112 1.5988384920441241 10 34 22 70 23 60 11 38 12 51 2 72
388 3.2925431425419953 -4.185970838456373 3.9447104420701073 22 21 13 1.508169387093018 10 13 12 11
387 3.2338920074687731 -4.0561877993699946 3.4893364507827394 0 0 0 0.9563554237239511 10 12 22 24
385 3.3383136677156853 -5.3248323150402808 2.9194351874471827 0 0 0 1.412351490807046 9 0 10 0 21 0 22 0 23 0
384 0.60531074030325205 -2.5170739616459104 6.52028722450933 107 105 80 2.6687507026594681 3 18 15 19 16 44 4 36 14 11
383 -0.021524754545553172 -1.750514101376851 3.1379391026896721 214 218 147 0.5707447233314572 16 126 15 124
381 -0.14606579806103837 -4.2593592820501236 4.8588580604517908 0 0 0 2.1929768486040633 3 55 16 64
380 1.849153886254665 -3.8294380106519097 5.8111028719440734 17 17 11 1.5111514829338537 3 53 15 55 1 25 3 54 2 23 24 19
379 0.047437257882841186 -2.3949925537298355 5.1919610802033027 237 224 142 0.68367011335330052 16 71 15 52
378 -1.9771087609848854 -4.2779205492398242 4.6608533609501288 65 53 42 0.37968083359160643 4 16 15 47
377 0.28353803657818266 -2.906551060588674 6.1414711464546352 226 233 177 2.26236536601844 3 22 15 25 1 17 14 19 14 20 15 32
376 -1.5267254871550038 -3.9096105248143411 5.8359820584405391 45 47 35 1.5778329835401232 16 3 15 21 17 5
374 0.13664823535223697 -2.5686240258521904 7.0034038135928283 44 40 25 1.380749028095634 16 22 15 6 14 1 1 0 2 1 13 2
373 -0.41643268562544994 -2.5886165620505075 6.8094358006451907 54 55 39 0.79363702895390487 16 13 15 3 4 9 14 5
372 0.70372861086604543 -4.8236047740043659 3.0358264370712629 116 103 77 1.2911034626199231 4 101 16 101 3 97
371 3.2446947700296804 -3.958138585583145 4.5080631070672563 13 13 8 0.9217558407060531 3 94 1 60 14 69 15 102
370 2.6484053420540836 -3.2149477459955844 4.4339044391805391 26 22 15 2.5470721203275195 4 110 5 128 15 104
368 0.28248250842557471 -2.1317731765987493 3.1257016615255862 220 221 156 0.64340502466277694 4 92 3 88
367 3.2482455718876553 -4.0503097125112806 4.8356777456805213 0 0 0 1.6641703125929042 3 86 1 51 14 58 15 98 1 49
366 0.55803750455914192 -1.9144531969209215 3.2800865322085349 223 213 124 0.3702220682250828 4 103 3 85
365 0.15432053213325747 -2.090377979596179 3.1304949016238171 217 220 137 0.10348507495878595 4 88 3 84
364 0.5431428166812815 -1.8338447907748425 3.4894258437757171 199 180 100 1.5910946462736131 4 90 3 78 1 79
362 -0.32708544870604639 -2.1780184573350589 3.9641690577654316 236 251 230 1.5311530039269572 4 63 3 52
361 -0.026402721041519958 -1.939916381555433 4.1937249785567285 228 222 144 0.37691214161774439 4 64 3 48 1 43
360 0.98950819112626642 -3.0143084101836246 5.3201076603107875 22 21 15 2.5709907209535885 16 80 3 45 1 34
359 -1.6807951925115165 -4.0696158970327305 4.3385572142544966 167 186 135 0.88557502904825491 16 35 3 43
358 -0.63678330478792999 -3.1173273689717189 4.6503830244205524 141 162 124 1.2518356266440964 4 38 3 38 1 47
357 -0.6478803505784726 -3.5780701468155263 5.221047388072968 145 165 138 0.030805174531957157 4 31 3 35
356 -0.26965596282513582 -2.6260195194051867 5.1940567891816709 192 206 158 1.8271380607841163 4 37 3 29 1 24
355 -0.15230650048405003 -2.2513178074452407 5.0856631879180654 173 185 135 0.14160481029091918 4 46 3 26
351 1.5662923101656721 -4.7330655199350105 2.8465542827387926 32 30 17 1.671427047088281 17 123 5 113 4 113 17 129 5 116 3 104 1 116 2 91
350 0.10804793637174327 -1.7121020154259352 3.3206547098831836 93 80 46 1.545995276721952 9 120 10 117 22 157 22 158 23 126 12 110 13 120
349 0.31613184788783638 -1.678629965356792 3.3046798967322517 113 102 62 0.48055869540146845 9 116 10 113 11 103
347 -0.58627300920946246 -3.1278039750009747 4.5859818099368335 65 68 57 1.9523824966392003 10 100 22 142 23 105
345 0.80741991230461063 -2.8368794890714235 6.4129821855472562 75 73 50 2.2308924228966913 9 99 10 77 11 57 24 34
344 0.7549743473362257 -3.0170140877238825 6.4301151386901969 28 29 18 1.5475735217201267 9 97 10 73 11 58 23 72 12 40 24 33
343 -0.1741481329207944 -5.7590666309938889 4.2959712962516816 89 86 52 1.2365725196679607 9 38 10 53 21 48
341 2.0708258124707313 -3.3417846973748326 3.1379396088393392 177 158 79 0.84119074431756391 9 50 10 41 11 46 12 55
340 2.7465491394627235 -4.9591077388224711 3.2690256279201151 132 118 71 0.69210040837642361 9 14 10 10 22 17 23 25 11 19 12 34 24 46 13 78 2 69 12 36
338 3.1383757902850054 -5.0992999919826865 3.8650114402199187 20 20 12 1.4353787373378859 9 19 10 5 22 13 23 14 11 10 12 17 24 18 13 57 2 53
336 0.096011910178780233 -4.1160273923157931 3.993034370654418 222 222 148 2.2554873538707634 8 58 19 84 6 53 18 65 17 92 4 77 16 87 6 50 5 61 4 72 3 73 3 76
335 -1.5793246179729696 -3.8816498065276561 5.4702346882682633 12 13 10 1.3860690066352914 5 9 4 5 3 24 15 27
334 -1.2478553109122505 -3.8499752436021364 6.1018831363673227 23 25 20 2.373615101420397 7 64 6 30 18 27 5 13 16 2 4 4 17 8
333 0.078594032943820197 -1.7496384931446951 3.0670538980479241 117 111 44 0.74856076196976962 17 148 16 131
332 0.047301969683433913 -1.9434007939360085 3.1918044317057692 174 176 136 1.5825128158129971 17 142 16 121
331 3.1226833437569983 -3.6959228467945278 4.2175565072652663 12 12 7 2.1401179259004417 16 120 15 110 5 133 1 67 14 77 15 107 1 62 3 95 14 73
330 0.035072603169587907 -2.2867692397652255 3.6815449953074721 223 240 215 0.84070148053886462 17 128 16 100
329 3.1043563509758076 -3.8892672958043923 5.0217749250855217 0 0 0 0.79026545194733644 16 99 3 81
328 -0.014545911185228548 -1.8657170970393746 4.0967836994158793 162 158 101 2.0552937315038777 16 93 15 95 14 83
327 2.0077107734010458 -3.9407222878145096 4.6483589979649977 138 130 86 0.46264124064646017 4 94 16 92
326 0.39428576155976097 -4.9656522259129474 3.3548423313200728 95 102 76 0.20348852594779387 17 95 16 90
325 0.27807842281738299 -5.2015352872508798 3.6086865256152691 98 106 70 0.0013587940440085572 16 88 3 92
323 -0.47861324364209806 -4.754162702125698 3.6459099965695527 89 102 58 0.89509165515147571 17 57 16 82 15 91
322 -0.7887496563007258 -4.4908561621030199 3.7642508896407447 127 131 74 2.1315306064331061 4 57 16 75 3 71 15 85 15 87 16 78 1 92 2 100
321 -0.78653286067232731 -4.7031330915623766 3.9313401689906353 161 167 119 1.5144283309219901 4 55 16 72 5 27
320 -0.84227394014854773 -4.7213592663739634 3.9536381411077919 64 64 43 1.9693528908224733 17 38 16 70 15 81
319 -0.53636164313350942 -3.2450102300677202 4.5927641585370713 220 242 204 1.3412934491202329 17 62 16 69
318 -0.5435627961853241 -4.5270894164354267 4.3587796797513594 138 151 113 1.1173759226232047 4 52 17 44 16 67 3 62 15 73 5 32
127 1.3461513230297555 -6.1686933956677752 3.6884146104860327 20 20 12 1.4526181494992521 8 3 20 5 21 22 9 18 10 25 22 30
126 3.2314052007716034 -5.152360110527562 2.8653928759818226 53 46 25 0.23046375758236853 20 52 21 8
125 2.8674827190366723 -5.5281281112115987 3.1728292591208409 17 15 8 1.4573897494220784 8 11 21 4 7 50 22 8
124 0.70454835319802389 -3.0322283921039368 4.101415209910602 122 120 81 1.7720303646496103 20 145 19 136 19 134 8 96 21 146 20 137 7 95 6 98 18 104
123 0.097520631590188048 -1.8323564159490746 3.4680113029625237 244 227 146 2.4667469093010794 19 171 8 113 17 140 16 117 9 115 10 112 22 153 11 107 22 154
120 0.18432574201545002 -2.2595525484253556 3.8653091270718005 207 204 148 1.4410725517565961 20 168 21 162 18 116
119 -0.57986789456901311 -2.6283251645593486 4.5041806400029092 36 39 32 1.752239898280171 20 156 8 103 21 156 9 107
118 -1.3692572833847696 -3.8464102020783439 5.6694307118700928 40 41 34 1.9113461323175329 8 91 7 55 9 96 6 25 5 10 19 76
117 0.4836421221389528 -3.3377353042634392 4.1094781422691593 187 202 167 1.4853256808765534 20 127 8 90 7 85 9 82 6 82
116 -1.5453617252292857 -4.1509081612111327 5.4775075277345699 58 59 42 1.7340485879720355 8 81 21 127 7 44 7 45 9 88 6 15 10 93 22 130
111 0.14083239862690988 -3.8048949646786792 3.5757890757723745 163 174 111 1.7489316135628608 8 68 9 67 10 71 22 108
110 2.7147184630978485 -3.5344452336358834 2.8311952565601524 99 82 50 1.2820569150672094 19 152 20 121 8 63 21 83 7 99 20 122 9 34 6 140 18 136 18 139 17 155 5 138 4 127 16 138 15 136 14 121
109 2.5808930905869678 -3.9172485553160805 3.0642664533142026 70 61 30 1.4138318282920528 20 111 8 51 7 90 6 121 18 126 17 145 5 134 4 125 16 133 3 108 15 125 1 109
108 0.10419651681202309 -4.3170273148672269 3.694522093787997 140 146 109 1.5431075509882308 20 92 8 49 21 96 9 59 10 61
105 1.0072503220359195 -4.9863965144545359 2.7234665237358167 122 111 63 1.3824624885504146 20 47 8 19 21 42 9 27
104 3.2404404493117767 -5.3249530377545531 3.076050305337334 88 74 48 1.2422999531826835 20 44 8 17 7 59 6 108
103 1.4533979345256876 -5.1290800181318321 2.7810932975504112 132 121 78 1.5107604650833801 20 37 8 13 21 34 9 21
102 1.5265061031696827 -6.1368688432580969 3.7084863993548911 78 72 52 1.3424588147897647 19 30 20 8 8 5 21 20 20 6
99 0.34657545461340783 -1.5401106396903639 3.3772933341580531 120 111 82 1.6774581233878691 19 179 6 137 7 136 20 184 18 153 19 178 17 149 17 150 6 139 5 121 16 130
96 0.54410603653315992 -1.7717913368262586 3.3177767346114848 44 41 21 1.1277816004347423 20 178 19 176 8 115 21 172 7 133 9 113
91 -0.3322332177880577 -1.998128915297291 3.9135668981422627 48 56 47 2.0583705834724535 20 173 19 161 8 110 7 122 18 120
90 0.4425580886941784 -2.2068648135063285 3.7460625540509453 75 77 50 1.5157206724753736 20 172 19 162 8 108 21 165 7 124
89 0.32625006976582965 -2.2587897308788167 3.8521560569515678 167 169 116 1.8855459031062551 20 169 19 157 21 163 20 166 9 106 10 101 11 89 12 82 2 66
88 0.65827772617788027 -2.5395082804588363 3.9962397699245527 53 50 25 1.609447945802037 20 159 19 153 8 104 21 154 7 108 6 112
87 0.77837062885258324 -2.6585894805483914 4.1871617019399334 61 60 39 1.9459768057520044 20 154 19 144 21 153 21 152 18 115
86 1.5082729536420079 -2.9648237259782753 3.9536267693592677 40 41 25 1.3849181515406848 20 153 19 145 18 123
85 1.2200325727810606 -2.9740295596444017 3.8104248194166401 52 54 32 0.11681438310880514 20 151 19 142
82 2.6928410410619485 -3.069906551030209 3.1607009762718619 52 45 30 1.658889040837225 20 148 19 159 6 146 18 144 17 156 5 139 17 157 4 126 6 144 16 135 15 135
78 2.6436240061102017 -3.0555614695375715 2.9484873156427969 70 61 38 1.2773792726258957 20 144 19 163 6 147 18 145 17 159 5 142 16 139
75 1.7782861351545034 -3.0822040174127374 3.4858287507519399 37 34 25 1.4574684242782234 20 138 19 149 21 125
73 2.7268551054583359 -3.2061923812293256 2.7589983537775367 56 49 29 1.5769244493699441 20 136 19 158 8 73 21 95 21 98 6 145 18 146 17 160
70 2.0580604367508197 -3.2192669447881084 3.3508503612333 64 62 41 1.7856691128863171 20 132 19 151 8 86 21 107 21 109 7 103 6 131
69 2.022692647501017 -3.1894490314126029 3.452174546960352 57 52 31 2.0545311820575742 20 131 19 150 21 116 6 130 5 132
68 2.0446895493517112 -3.3325797468303362 3.3607143702008937 70 65 40 1.8916263653239684 20 129 19 143 8 84 7 98 9 53 6 122 6 125 18 129 17 144 5 129 5 130 4 117 10 45 3 101 15 119 15 121 1 99 14 100 3 98 2 64
67 -0.48424046375418739 -3.4572036797687273 4.4779097328788602 227 246 198 1.5899738342456653 20 126 19 105 8 89 21 140 7 69 9 92 6 48 18 63 17 63 10 89
66 2.7548151971063581 -3.4363631155184167 2.7879778221082407 35 31 16 1.0622243767770081 20 125 19 154 6 142 18 141 5 140
65 2.3659256159341666 -3.5454425421382934 3.1828431959504839 78 68 46 1.4892986295298161 20 124 19 140 8 69 21 89 7 96 9 40 6 128 18 131 5 135
61 0.051761949315467667 -3.7679688590906437 3.9987110802917898 161 170 118 1.1995677518796235 19 102 21 120
60 -1.836013428651343 -3.9823876984692261 4.9958739050974845 72 78 61 1.5082211661446105 19 56 8 76 21 141 7 39 9 94 20 110 10 106 22 141 23 114 11 106
317 0.74900474257076588 -3.0195483512720016 5.9248162946865275 41 36 29 1.9291495088590216 4 56 16 65 15 44 1 19
570 0.17064627558928416 -1.9205391260966045 3.5998433171077306 255 248 169 1.8065184820228704 1 66 13 115 15 112 14 99 2 76 12 99
29 0.78786579077797747 -4.9079617017957853 2.7725163680888847 120 109 60 0.39210072219435133 20 53 19 63
286 -0.19645304697744731 -2.2345908730997763 3.7535832007507914 227 245 199 1.6557771663133913 6 95 5 84 4 70
569 0.41128509908066441 -2.1641375932891362 3.7843137962815834 141 130 89 0.4859532645657012 15 106 14 93
28 2.7988360370140826 -5.1856549542978261 3.2146404890787053 45 41 26 1.27656173883797 20 50 19 93 8 23 21 25 9 10 10 6 22 12 11 17 23 22
285 0.51916307273072493 -4.4964129778530131 3.6199701872700194 193 210 161 0.81572149944062622 6 55 5 79 4 85
568 2.641092225256104 -3.21934153791813 3.6665507274488691 65 60 40 0.35679845964471502 1 84 2 46
27 0.62679384554190665 -5.0313332868638811 3.1745320192155524 177 190 139 0.75045920433016222 20 49 19 55 21 49
284 -0.16907704018958022 -2.1264769217836554 4.1794792835813004 213 232 197 1.2261818325948675 6 97 5 77 4 60 3 49
283 -0.12715639391742503 -2.1390616662263886 4.3576648768415405 197 217 173 0.3361248932597935 6 96 5 76
566 0.77292375494772714 -2.8063217630142243 4.2961126140878863 186 168 90 1.2737618200552892 15 90 14 74 1 52
25 0.19511617419420196 -5.3146104936594085 3.8708006821167724 106 123 102 1.1649219426078894 20 43 19 31 8 26
282 0.32449373506032553 -3.797419293137152 4.2938086041925363 221 234 181 2.2402241472526598 17 97 5 70 4 73 4 78
24 -0.74185926380720313 -5.4530325867563629 4.2851205438451627 20 20 13 1.190793372532843 20 42 19 0 8 28 7 1 6 13 18 10 5 26
281 0.17443530244842353 -2.4908257948057289 5.7460920083072615 0 0 0 2.617452483428802 17 81 18 96
564 -1.1359215517790486 -4.3704221298903452 4.4227933081763036 109 115 95 1.2672768289420118 15 69 14 72
23 -0.47227133828771173 -5.4288515174009584 4.033859765010674 29 28 21 1.086507684314403 20 41 19 11 21 70 9 45 10 58 22 88 11 81 12 100
280 0.37405985752661658 -2.2541864633696238 6.5358485834128635 45 46 37 1.6505889466938384 17 74 5 65 4 32 16 37 15 15
563 3.2991095115491 -4.1106984357489464 4.6522246225830957 0 0 0 1.3011598024419158 1 53 15 100 14 64
22 0.56048163694365427 -5.2125161229391761 3.2615409579158121 155 162 137 0.75657070517993419 20 39 19 43
562 -1.6257428683255735 -4.1000274430315597 4.6589122888975787 142 152 116 0.46026715762990966 1 56 14 63
21 3.3875605412525904 -5.4674821500634714 3.1237396334294525 9 8 5 1.2113874433001337 20 38 19 90
278 -0.33324509880232761 -3.8092908486492925 4.5177519767420025 235 255 195 0.7470009791995974 17 60 5 49 4 51
277 -0.43740854499667337 -2.9856162932459314 5.0292825140361588 195 222 181 1.3893155347962822 6 63 5 45
19 0.59609903323618485 -5.3308125241638953 3.3085793227801128 162 175 128 0.21534869756758945 20 31 19 36
276 -0.26927587551108728 -5.5110269630728386 3.8998273704662947 78 93 68 1.3985809386389052 17 45 5 40 4 69
559 0.20641386252841196 -3.0347076199982119 5.4456277084203011 0 0 0 0.19761008243587455 13 55 15 48
18 0.45966632987464739 -5.5072866830921914 3.7317237092645259 133 144 106 0.36201210404151107 20 30 19 29
275 -0.39887422030075487 -5.449331378204449 3.9775282145492969 106 105 62 0.85955673466885274 17 40 5 36 4 65
17 0.92887170820183296 -5.2641376474358657 2.979140704631861 90 88 45 0.62384607357479183 20 29 19 52 21 39
557 0.78100808084383722 -3.7639265046804771 6.3037512283527031 17 16 11 0.33711420274274911 1 21 14 25
16 2.7735167679519668 -5.6336452842377307 3.4048306527581835 23 22 12 0.61544963932812147 20 26 21 7 9 5 22 9
556 -0.35525558849063726 -2.7037324680128885 6.7960843807673532 141 154 114 0.9445506581033416 1 9 14 7 2 13
15 2.5692520626740301 -5.5228005245633014 3.3039723695502956 39 37 25 1.8135710252197423 20 25 19 75 8 14 21 11 7 48 9 7 10 7 22 14
555 -0.38655599638103066 -2.6649366987618386 6.990141807648298 37 39 29 1.2437300014842834 1 5 14 4 2 7
14 2.4350970604840301 -5.5690238335130999 3.3504466776803308 17 16 11 1.9481492069817707 20 24 19 71 8 12 21 12 21 13 7 46 9 8 9 9 22 16
271 -0.050096325312837059 -1.771343763736924 4.068629410474272 60 61 51 1.9636945254298608 19 166 17 131
128 1.3486941234006915 -5.5785120837181408 3.1495850925607658 106 94 57 0.73002949997837852 20 12 21 30
1 0.98369279188156167 -6.3690741856706516 4.0959361851708831 0 0 0 0.26317277703774183 20 0 19 7
258 -0.00020420282513886946 -2.136935830700744 4.8660527134212321 102 108 87 0.28156600603477705 18 108 17 104
3 0.99921263413331518 -6.2861580038808995 3.8289271845631481 22 21 14 1.7900819918000155 20 3 19 10 8 4 21 27 7 6 7 7 9 20 8 1 6 32 18 36 10 31
260 0.18150982586251496 -2.3600726276538357 3.8129729259331215 212 230 197 1.6130255854187405 18 117 17 121
546 2.9490209912532825 -3.6826739635922743 3.676109866093769 27 25 15 1.5503766971762456 3 100 1 90 14 90
5 0.73840061216152431 -6.1920974850043642 3.9478032596016077 42 40 26 1.5491274210075925 19 9 8 9 21 29 9 24
547 2.8380984855651263 -3.3530219777774084 3.4265908960297238 46 40 24 0.46564228836222532 15 122 1 96
6 1.6395062343084752 -5.9996503266286929 3.574790453633343 77 70 48 1.45824342454138 20 9 19 37 8 6 21 21 7 22 22 28
548 -0.53035191524296865 -5.140823950419172 3.7403054074971744 49 49 19 1.0395725308891817 3 79 1 100
7 1.764735420777483 -5.8911520461502924 3.4813489736800691 24 23 13 2.3428421430869824 20 10 19 44 8 8 21 17 21 18 7 32 22 26 10 18 11 42 12 66
264 1.7054661101156361 -4.628564915554767 2.7448506000266506 21 20 11 1.4568522333183846 18 100 17 133 5 119
549 2.9036772015416381 -3.3579263714992749 3.3364021187405775 71 63 43 1.3075373230127791 15 126 1 101 16 134 14 102
8 0.24376037197060738 -6.0247745858653952 4.3831817004750757 85 84 54 1.6741488700981284 20 13 19 4 21 40 9 30
265 1.9437035033317442 -4.5411277932069103 2.7823129684199492 30 30 20 2.2473812171216516 18 103 17 135 5 124 4 119 3 110 4 118 14 118 3 106 2 84 2 86
551 -0.48318757031094495 -2.9115420849589362 6.6903911470832131 82 91 68 2.46601523964239 4 14 3 9 1 10 18 57 5 35 6 67 17 29 4 17 16 16 16 17 3 10 15 7 1 12
10 0.37005791459162396 -5.8734784206445667 4.0224226681029327 40 43 31 2.4996395982647917 20 16 21 38 7 12 6 27 18 29 22 65 23 73
267 0.037044325959927051 -1.5742762177621188 3.821975789777988 44 41 30 0.22472265708209627 6 119 17 138
552 -0.25304108293157795 -2.6472497818174814 6.9976421083621707 19 20 14 1.8829181268620765 3 1 1 3 6 72 18 69 17 35 5 38 4 12 16 15 5 37 3 2 15 1 14 3 15 0
11 2.0550054282363663 -5.6536180814561856 3.3135299744004105 21 18 12 1.4998884801319681 20 18 19 61 7 37 9 12 9 13 6 71 10 15 21 15 22 22 11 34
553 2.8107064991241435 -3.152229906769163 2.8618692539167649 41 35 19 2.3142822719464711 20 139 19 160 7 120 6 148 18 148 17 158 5 141 4 128 3 113 15 137 1 108 4 129 20 142 19 164 8 78 8 79 7 121 6 149 18 150 17 161 5 143 4 130 16 140 3 114 15 138 1 111 14 120 14 124
12 0.71676275130152067 -5.4632095267715801 3.3038193427123326 153 176 124 0.66243839475281363 20 21 19 35
554 0.55624515419844567 -2.1915842913499906 3.7766123035013015 143 135 79 1.5974959137202012 3 70 1 65
13 -0.23327933196519726 -5.6726102232856777 4.0394150647357492 21 20 12 0.43696510965087521 20 23 19 1
270 0.75310338790153808 -5.0892154941843062 2.8492763555545118 88 88 62 2.4902683299985915 6 43 18 59 17 102 17 106 7 28 6 52 18 66 5 90 5 87 16 102 16 105 3 103 1 117 2 109 1 119
571 -0.20219267178323758 -1.950761261437906 3.4684357484520123 190 170 123 0.57452381501153449 15 113 14 103
30 -0.93079660801006259 -5.2975592798633615 4.3910815632554492 20 21 13 1.4851305028037987 20 54 19 6 21 84 7 8 6 9 18 7 17 21 5 20 4 48
572 1.6547526632417604 -3.4538897197147183 2.9134377710853414 0 0 0 0.92790366048768513 13 105 15 130
31 0.40405353596552523 -5.0307291775040586 3.402346642947641 229 233 176 0.69573178170551131 20 57 19 49
288 0.63261403503532809 -2.8925975546181246 3.921986416336523 176 171 114 0.63142924202540052 17 117 5 101
573 0.48880989523871632 -1.8381959904695049 3.1902138024884215 61 51 30 0.81114556519783054 15 131 14 122
32 -0.92330043674123552 -5.253760977257957 4.5143753345463962 86 86 51 0.92680567846064488 20 58 19 12 7 14
289 0.90009735351960485 -3.4870820301773016 3.2225700587912613 160 148 90 2.4165534978043866 8 70 7 81 18 106 6 87 19 120 5 111 8 74 6 93 18 111 17 130 19 129 18 110
574 0.42744051692366919 -1.8497618648521554 3.116225451400076 26 22 14 0.29231349884060098 15 134 14 126
33 0.14805740287792282 -4.9763623291393966 3.5452626199029629 129 132 90 1.9384293776622106 20 59 19 47 8 30 21 71 7 25 9 46 6 34 18 48 17 78 5 59
290 -0.44870919130011711 -2.7582029931178922 6.7989026647251327 23 25 19 1.9854089256358931 6 69 5 33 17 31 18 60 4 13 16 14 3 6 15 5 19 115 1 8 14 8 2 15
34 3.2660027307450958 -5.092853699394948 3.2064072134346868 37 35 22 1.8420736480759681 20 61 19 104 7 68 21 16 9 4 9 6 10 3 22 7 11 1
576 0.070075774619088899 -1.8933457613168216 3.0767279904413787 13 12 7 1.255820274358691 15 132 14 131 10 115 22 156 23 127 11 113 12 114 24 134 13 125
35 -1.0626744927844731 -5.0954288994187751 4.5556376240152021 48 46 30 1.4757904564601423 19 21 8 38 21 91 7 15 9 60 6 12 18 9 5 18 17 15 4 40 10 75
292 -1.652742015818917 -3.6649742813585284 5.1333639584113664 49 52 40 0.11546795554673983 5 8 4 7
577 0.31209654918546781 -2.1430124961861612 6.6555699968532807 0 0 0 0.53612697035384849 13 3 24 49
36 0.53790259199164725 -4.8112447641116933 3.2411394370234903 179 172 124 1.2296328485933301 20 65 19 64 7 36 6 45 18 62 17 99
293 -1.6513763384180908 -4.1569986464199182 5.2442031395419333 75 83 61 1.4736024621221535 5 6 4 11 3 28 15 38 14 47
37 -1.1197634286575422 -5.1819346717546235 4.8170376560092292 61 57 34 0.78749653703867495 20 66 19 17 7 19
294 -1.7369649456858642 -4.1056154866126464 4.2434201399464975 143 145 106 1.0026486088028461 5 7 4 24 16 36 17 13 3 44 15 64 1 70 14 76
38 -1.2391216554068831 -5.1026819738151969 4.718322566468693 21 20 12 0.45764253123974968 20 67 19 16
39 2.7757282741391984 -4.8060025583975712 3.1514013675508572 31 28 21 1.849121495860534 20 70 19 106 21 31 7 71 8 31 9 15 8 27 6 111 5 127 4 123
296 -0.051585781682546461 -2.6626516483885991 5.2620371966560819 161 174 140 1.8277240354962228 6 80 4 47 3 32
581 0.98395237985619577 -3.5149131624218097 5.8603477164319031 0 0 0 1.6341343504207921 11 54 14 31
40 -1.3441616798619695 -5.0752340463249723 4.7929409984045837 20 18 11 0.93652333768186868 20 71 19 14 18 6 6 8 5 11
297 -0.88649271585782863 -4.7442661215770165 3.9473587344214009 124 123 77 2.330719708449958 5 25 4 49 15 83
41 -1.6035297256621672 -4.8800171167832493 4.8725294706368398 38 35 19 1.7806423518922241 20 76 19 20 7 21 6 5 18 3 17 6 5 5 19 23
298 -0.27087430345872865 -2.0681218475679413 4.0374459018457634 246 252 237 1.7052550341816051 5 78 4 61 3 50
583 3.2399723007067673 -4.1955470436797153 4.0069045595458626 0 0 0 0.37319330954227026 1 81 13 53
42 -0.50925202515595491 -4.6772501968740716 3.7597823446784315 205 204 133 2.4173748552992032 20 78 19 48 8 37 21 93 7 24 9 56 6 24 18 33 18 39 5 39 22 102 10 69
299 -0.18080851007274398 -4.9391964182153627 3.4382992806426786 124 116 73 2.1086281496462393 5 51 4 79 16 85 3 89 4 81 1 106
43 0.50723404365259994 -4.4770581331943333 3.1650381947864288 221 231 181 1.8046956464189035 20 79 19 80 8 34 21 82 9 47 6 56 18 72 18 75 17 103 17 107 5 85 4 89 3 96 22 92 10 55
300 0.46790497698044281 -3.7933934822569721 4.5097470957087662 0 0 0 1.266004598664936 17 96 18 79 6 70
585 0.29589756779629017 -1.7609349391514573 4.021428444030243 138 124 75 0.3483394081045259 12 79 2 56
44 1.3637950910471461 -4.4359445866364853 2.7778977969459135 188 182 122 1.481930682236672 20 81 19 97 8 32 21 60 21 61 20 80 7 53 9 32 6 79 22 76
301 -0.038342754159160455 -2.1184842548623761 3.3125593393810746 216 228 199 1.472946502027956 5 100 4 82
586 -0.06784038632849726 -1.839435314605488 4.0295405790711261 0 0 0 1.8733061343051971 23 120 24 121
45 -1.7104220145303639 -4.7802770060824491 4.8517808418556942 40 37 25 1.0646824223683948 20 82 19 22 7 20 6 4 18 0
302 0.52019100273527197 -5.1851880375132957 3.0651498267773181 30 33 28 1.7949386335988462 17 98 4 91 16 95
46 0.99038960271492171 -4.4061100034729925 2.9203758837326341 147 135 68 1.0746218787863873 20 84 19 89 8 35 21 78 7 49 9 39 6 68 10 48 22 82
303 2.2863825156266859 -3.1554475301813771 4.8429575432242746 29 28 18 1.4227067809253011 6 124 4 104
588 -0.14258801230227358 -1.7622257664534466 3.7118735173213722 94 96 66 0.010336305188958523 13 116 2 77
47 -1.7695727587747279 -4.6785670872417366 4.9422666522047765 20 18 11 0.49931162585519634 20 86 19 26 21 117
304 2.5083398432826631 -3.2770847507114271 4.7557265580859829 14 12 8 0.34079243123449721 6 129 16 104
590 0.044774959039781695 -1.8393655908724167 3.2923427882445466 0 0 0 1.1019158021310091 11 112 23 125 10 116
49 0.26342552198499397 -4.434928484190392 3.3951036348447898 223 241 186 0.1718414138960993 20 88 19 74
306 0.89892873128785544 -3.5904691245463374 3.1313508753667354 147 135 86 0.93509166741024319 18 107 7 76 6 88 17 132 5 112
50 2.4669993770439569 -4.3521253216294893 2.9235040167482986 39 37 24 1.6507751678620959 20 89 19 112 18 114 17 141 4 124 3 112 15 127
307 -1.4587209686881173 -3.8378912148846145 5.9541112139041923 0 0 0 1.9495697920424575 17 7 16 0 15 18
593 0.40796993899434342 -4.5435126861778015 3.1753072180162571 12 12 6 2.8754882656833995 23 95 11 72 1 110 2 101 12 92 24 105
52 0.10112159166167778 -4.2403698155537892 3.9433034148616932 187 194 141 2.0783325807231501 20 96 8 53 21 99 7 51 9 62 9 64 6 51 18 58 6 46 17 88
309 -1.0248944296251592 -3.7240833666299538 6.3400628891190172 51 53 41 1.307112875027872 5 19 16 6 4 6 15 11 14 24
595 -0.17111171110180071 -1.8778490074189762 3.9862952265802409 107 101 74 2.0500732650221267 12 98 13 100 24 120 2 65 2 71 24 122 13 104
54 -1.2032639370631757 -4.2345159860567883 4.780013082001572 154 154 107 1.4828088923074176 20 99 19 57 7 40 6 19 18 22 5 17 4 28 3 40 15 51 14 57
311 -1.1539897069500942 -4.3033085587859183 5.1508647141418731 210 233 191 1.4152179720125555 5 16 16 27
596 1.1275807443233128 -4.9085147663991213 3.0136264710760647 68 63 39 1.8780962929576357 17 111 5 96 4 108 16 108 3 102 1 112 2 94 11 55 12 76 24 94
55 1.0501173981876932 -4.0934200901375988 2.9153572193490196 180 168 100 1.3721218707176885 20 100 19 107 8 41 21 87 20 97 7 58 9 44 6 76 18 98 5 109 10 50 22 89 11 60 23 85
312 -1.6017147503504952 -4.1398161304652659 4.5640416634248409 179 174 142 0.72389371151146165 17 12 16 28
314 -0.097951107547781399 -2.2066215364909199 5.9865964867620729 235 242 209 0.77636876937453303 17 70 16 40 15 23
599 2.2082058552565376 -4.4456036546465292 2.8150485939115897 39 37 20 2.3709575738516437 18 109 17 137 5 125 4 121 3 109 2 81 1 115 18 112 17 139 5 126 4 122 15 129
58 2.5145210429351192 -4.0045602855400668 3.0216025933593609 42 39 23 1.5306009439842656 20 105 19 130 21 59 19 123 7 86 9 29 10 20 22 48 23 49 11 28 12 44
315 -1.2694859483040828 -4.5634397202403765 4.344644427599027 18 19 12 1.6452624973629228 4 33 17 19 16 51 15 66
600 0.3585564579958721 -3.2561373915690575 3.782978067571908 41 43 28 2.6350866743803496 23 100 24 103 23 102 13 95
59 0.37066810281879942 -3.9367618856140192 4.5621708294049457 155 162 116 1.8183391309914192 20 112 19 95 7 72 6 66 17 91
316 0.027036250872520928 -2.5841890247708243 5.7230665057459902 172 174 130 1.1520880843630168 17 73 16 57 15 40
132 2.0043812503822349 -4.3002305095585358 3.7656986749126213 215 200 116 1.6378021349382306 8 48 21 67 9 37 21 66
133 0.48413365616037562 -4.0097621064786289 3.7311602872286929 254 245 176 0.15203415463280179 8 59 21 105
134 2.2770531414290303 -3.0824180324018071 3.0399226514295306 62 56 35 0.15227782751231134 20 140 21 115
135 -0.51976941686122402 -3.9750733593970899 4.011551855281188 137 139 84 0.59913039895097497 8 65 20 108 21 121
136 -1.8131361933336865 -4.4590201408485362 4.8627484289971541 83 83 53 1.5656502114992998 20 91 21 123 10 96 22 132
137 0.25943858725606228 -3.4561616105565784 4.0742476254232294 168 182 135 2.3314479313095906 8 85 21 130 9 78 10 80 11 78 24 99
138 -1.6210933804662777 -3.8518434920637596 4.9598940488217673 101 104 76 1.2604983484702632 21 142 9 95 22 139 10 105 23 110 11 101
139 -0.93920723934590766 -3.3424019753568222 5.2243842134456111 88 99 76 1.4944382719712237 8 95 21 150 9 100
140 -0.91473134851952487 -3.2194989945740144 5.2963244248576622 55 59 46 1.3284853110182133 8 102 21 151 7 80 9 101
141 0.45195775269473437 -2.2085905319659274 4.0175859224358375 90 85 46 0.98745450248331657 20 167 21 160
142 0.013692715919629823 -5.8936928832031228 4.3013084129785275 16 16 8 1.4157256891300634 8 22 20 17 21 44 19 3 7 5 6 21 18 18
143 0.56417627197275244 -1.9119156277681646 3.3657224487203137 14 13 7 2.120599011521993 20 175 19 172 8 111 8 112 21 167 21 169 20 177 19 173 7 130 9 109 6 123 18 142 22 149
145 -0.2582695651580712 -1.8143290880495453 3.996911995574743 89 105 85 2.16423179269407 20 174 8 114 20 176 8 117 7 127 9 119 18 128 6 104 21 170
146 -1.3412224517863787 -4.5874274616131991 4.0856294445900661 40 35 19 0.73568983551699452 8 42 21 108
147 1.5284429467161851 -3.0224783037772647 3.6573262047466542 41 40 26 1.7629483106101482 20 147 21 128 20 146 19 147
148 0.60315776688730227 -3.1639644547473629 4.1028217060169929 166 173 136 2.3401561386761274 20 134 19 124 21 144 20 133 19 125 8 92 7 88 7 92 21 137 8 94 9 83 9 85 6 86 6 92 18 99 18 101 5 93 5 95 10 74
149 -0.83930092365493858 -5.3983619034677846 4.3490361654609186 23 23 15 0.89426923969322025 19 2 7 0 6 11 18 8
150 -0.60162087797468111 -5.5281971705919224 4.2887302979344097 41 39 20 1.171534801072136 8 25 20 40 7 2 6 14
151 0.57793253987034576 -6.1821945031832284 4.1166127836636104 63 66 47 1.3326858963882049 21 32 7 9 9 25 6 29 22 57
152 -0.84624820197153361 -5.0383477546284219 4.0023418965511945 116 113 73 0.072863348992718971 8 33 7 13
153 -1.5072530103868542 -4.9102532959336207 4.7137883259239679 39 37 20 1.1776725316202861 19 15 7 18 6 6 18 5
154 -1.7918984418386044 -4.7111627016125857 5.105353483451144 37 34 23 1.6175754182729478 8 52 9 80 10 92 11 99 12 109
155 -1.8648545203833442 -4.2691681576295748 4.6551475296224991 92 96 75 1.6317028330640302 8 64 7 26 9 87 21 129 6 0
156 0.62350024169715534 -5.1367792446959051 3.797150436300611 0 0 0 2.0607559711603209 20 60 21 50
157 2.0716597288338456 -5.9298958949327565 3.7723286453995271 46 43 25 1.3262004615445364 20 11 21 14 22 20 23 30
158 -1.2200650940267641 -4.0467083375855886 4.7688150581920601 161 172 131 1.7277827228725684 8 71 19 66 7 43 6 18 18 25 18 26 17 23 4 27 16 34
159 -0.61864899923480665 -4.0971031102762963 4.168116458557579 172 182 127 1.3651586007677825 20 101 7 47 9 74 6 33 18 46
160 -1.289056124128769 -3.9222582345507067 5.9517314064214588 36 40 32 0.71359845954039902 7 62 6 26 18 21 5 12
162 0.90236124694660658 -3.7483728320896352 3.5969596455680901 234 228 163 1.2968759973567023 19 110 20 116 7 77
163 -0.44210285309954345 -3.1190200696623345 6.4165838087825575 28 33 26 2.0362171724058094 19 109 7 93 6 61 17 33 5 31 4 22 16 21 3 14 15 12 1 14 14 13 2 33
164 -0.32895392572811349 -2.8594659179389774 6.7956320560508452 72 80 65 0.4459022619248097 19 113 7 100
165 -0.11604815341523052 -2.5251458073800981 7.0611216977209574 79 86 73 1.8608947375610063 19 121 6 77 18 76 17 42 5 42 4 19 17 47 3 0
166 -0.1027581480430755 -2.3631335756791301 6.8630671108683403 77 84 66 1.9973901455709933 6 81 18 80 17 52 5 50 4 20 19 132 7 123 15 4 16 20
168 2.4248015582988249 -3.0568756701230515 3.1395102738614735 81 77 38 1.5922538023072312 21 111 7 119 9 52 6 143 18 140
170 -0.12885534556124428 -1.6680566968362258 3.8966986345934465 92 93 72 1.3945744476692086 8 118 7 129 6 116 17 134
171 -0.070697708153563216 -1.5953720169533443 3.831065929604605 55 54 41 0.81684675936420104 21 176 7 131 6 118 17 136 5 97
174 0.42534389570491288 -1.740928986869104 3.3495765902015067 102 93 53 1.8749019975325505 19 174 21 174 20 179 19 175 8 116 21 171 21 173 7 132 9 114 6 132 17 147 22 152
175 -1.9939789743208207 -4.2055427009823871 5.0012557817509817 40 41 29 2.4236124646092869 20 103 19 38 8 66 21 132 7 30 19 45 8 72 7 33 9 90 9 93 6 2 6 7 17 0 17 1 18 4 5 1 5 2 4 1 16 11 16 12 10 104 10 107 3 27 3 31 15 39 15 42 22 138 23 112 23 113 11 108 11 109 12 116 22 137 1 48 14 51
176 0.79387197861410375 -3.4719592500969769 3.2617284340693948 237 221 131 1.9326275731389095 8 75 7 83 19 119 6 89 18 105 17 124 5 105
177 3.082288749254595 -4.9549363233437909 3.1771963997616313 89 78 43 1.6832101800776995 20 63 21 28 9 11
178 1.096293173568442 -6.2205279665726829 3.5653093776580151 0 0 0 1.8563013854729322 8 0 21 26 9 16
179 3.1577530395375355 -4.4585315204316309 4.0746801298703046 41 39 23 1.0134370408292497 8 47 21 43 9 26
180 2.616038029126905 -3.2059524155336869 2.6897244417795747 177 157 78 0.09749688337633422 20 135 9 41
181 0.30573364702407479 -4.8423273551327162 3.9277740702317754 0 0 0 0.023562645031012259 20 74 21 80
182 0.073248992457957532 -4.5460645863254046 3.7922248044155213 135 133 94 1.403114559886945 21 86 9 54 10 60 22 97
183 2.4683432907205489 -3.2186553039990184 3.6916451749174075 74 66 45 2.178777742520889 7 112 8 88 9 55 6 138 18 132 7 110 17 143 5 136 16 124 15 118 4 120
184 0.59306317375914264 -4.0983984939100537 3.6142479230481634 251 219 140 2.018870026613262 7 57 9 57 18 81
185 2.3538824209915501 -3.181059862122543 4.3290913142710554 73 71 40 0.70449699616979689 8 93 9 61
186 2.1103398145817005 -2.9759573465076183 3.8891287713992724 58 54 31 1.8261896091090095 7 118 9 66 6 136 5 131
187 -0.070839996833739052 -4.0549888803009413 4.7686825891363398 175 175 129 0.76336802093203615 21 114 9 69
188 1.8088158990660324 -2.9272711430614864 4.2059505795891372 67 62 40 0.73579115581746646 8 99 9 70 7 116 6 127
189 1.7456410506585647 -3.051923840900896 4.7886154342980394 77 71 45 0.86559741638754883 8 100 9 72
192 1.4733927277243446 -2.8820585873857762 4.2146382554316162 63 62 33 0.58742350654330378 7 114 9 79
193 0.90367604411603197 -2.976539671223263 4.3902901374961401 73 72 40 1.5331322384775348 7 101 8 98 21 147 9 86
195 -0.90618723269984602 -3.4056228977810639 4.8504954451457483 50 53 39 1.1865737223198423 21 149 9 98
196 0.55922231768654107 -2.258823799537383 4.3337659134137407 91 93 71 1.0071349729254853 21 157 22 143
197 -0.35644476494893962 -2.1549777104861461 4.1792580409245916 0 0 0 1.9557613872909894 8 109 21 166
198 2.0172756886125729 -4.3923598339815157 3.6797288861929016 216 200 114 2.0252823788333214 8 44 21 56 9 33 8 43 21 58
199 1.2156160976141821 -6.2425647070370136 3.7115479038125723 21 21 14 1.8079322569844323 20 1 19 19 21 23 7 10 9 17 20 2 8 2 21 24 6 40 10 28
200 0.17227525139583894 -3.5923793368267458 3.9877880750194366 105 114 86 2.6438386439748052 19 108 8 77 9 76 8 80 9 77 7 75 10 79 21 126
201 -0.42705349655001446 -2.3041618670859085 4.221058247710249 92 106 81 1.634876690608793 20 165 8 107 21 164 9 111 20 164 9 110 10 111 22 147 22 148
202 -1.8289136484508659 -4.5619413360402055 4.8179336791613681 34 37 24 1.0428641956273554 19 28 6 1 18 2 5 4
203 -0.63129203007447365 -4.6369846579673952 3.8470469138554608 205 201 106 0.94811804934000588 7 29 6 23 18 30 17 50 16 77
204 0.15724178951422063 -5.5874136790874962 3.8285787351288807 0 0 0 1.1674899542543831 8 20 19 24 9 36
206 -1.194291303189329 -3.2865088350117939 4.942617000408017 0 0 0 1.4049313333074376 7 66 19 99
207 -0.84104119057801208 -3.6804779685774403 6.4803022868601792 15 16 13 1.8462894855644407 7 79 6 42 17 14 5 21 18 38 4 10 16 9 3 15
210 -0.34125490072970632 -2.9464777273711276 5.3206026964914974 136 164 124 1.4756103249931198 6 65 4 34 3 30
212 0.68249715478707185 -3.5543620068171293 3.0852798429982919 204 193 130 2.1697981451237465 7 74 6 84 18 102 17 126 5 106 16 114 4 106 19 114
214 -0.079434253425531634 -2.1742660172855874 6.3284710645178928 16 17 13 0.66013893164267634 7 125 18 90 19 137
215 3.2495678564853439 -5.363350106698241 3.209911037479293 59 47 28 1.8797035223835832 19 92 6 107
216 0.50187322059509787 -2.0497421955901203 3.4152723848541791 106 92 51 1.7676078423697705 7 128 6 120 19 169 18 137
219 -0.86608765969635582 -4.656787483893976 4.5827860777915559 164 161 106 1.1239437604346867 19 41 18 20 17 26 5 22 4 43 16 52 3 56 15 65
220 -1.4259631588093171 -3.8364586469315136 4.6933377860773264 223 233 204 0.84806973739746339 6 17 19 72 18 23 17 18 16 32
222 -0.39324173830783793 -4.0737463358679271 4.3764315225301669 237 245 188 1.1407441504478781 6 41 18 51 17 55 5 41
223 -0.39165983105606295 -4.1110027748341578 3.8993178971666911 248 241 142 2.1375323312301902 6 36 18 52
224 0.0855263833209369 -4.2702633645261416 4.7620577973161202 233 244 186 0.14323366134300297 7 56 18 53
228 0.41454561052618438 -4.2295068982853135 3.3736459679664788 199 216 171 0.89485889475314628 6 58 18 74 5 82
229 0.82907119767609727 -3.9557372876478998 4.9526666991575068 207 219 163 1.6071951794129977 6 73 18 78
231 0.087022545749042599 -2.2282194941846432 6.6641180844583436 19 20 15 1.6394595592927335 6 94 18 87 17 64 5 56 17 59 4 25 16 25
232 0.61528556298645809 -2.6664926167433665 6.331217200576174 86 91 74 1.2694239869365276 6 99 18 92
233 0.22581701080622152 -2.186324788974229 6.3704802697118579 17 19 15 1.4341179721994806 6 102 18 94 17 77
234 0.38866321523033054 -2.240072659337502 6.298466416700685 55 62 50 1.9088392391194773 6 105 18 95 17 85 5 68 16 47
238 -0.091643959427702912 -1.734536385793519 4.0049294772322694 121 134 114 0.27349642543023073 19 168 18 130
239 -0.87239461184927702 -4.5594817454371377 4.0029593005237514 135 128 77 1.8569518831124026 20 83 8 39 7 27 6 20 18 24 20 87 19 42 8 45 21 104 17 36 17 37 5 28
240 -0.8000341805922434 -4.2865750268776273 4.0592686908147657 112 116 80 2.3210640437272323 20 98 19 62 8 55 7 38 9 71 18 41 19 58 18 34 21 113 7 35 16 68 4 50 6 22 8 50
241 -0.21741345800702666 -3.856855135219055 4.4619684961198365 132 136 88 2.1591881677118847 19 91 7 63 6 49 19 88 18 56 17 66 5 52 4 58 16 76 3 59
242 0.068212402928730487 -2.359711922219339 6.8542621677289137 8 8 6 1.8211450212900195 6 90 18 82 17 54 5 53 4 23 16 24 3 7 1 1 14 0 2 2
244 -1.3472874771732413 -4.2788962185238359 4.4726928199061557 71 68 44 2.1992024995348198 6 16 19 53 18 19 20 95 19 46 8 61
245 -0.11505858686291388 -3.7365227929334224 4.5037076898026127 200 207 132 2.2851545107744129 20 117 19 96 18 67 20 119 8 82 7 65 6 54 6 57 17 75 17 76 18 61 5 55 16 74
246 -2.0112413945822425 -4.2618870312006401 4.8359830128615053 29 28 20 1.6169292182463557 17 2 5 3 6 3 4 8 16 19 3 33 15 46 14 60
247 -1.5680528070239206 -3.9401908899361131 5.766137383880853 25 25 17 1.8061405768031049 18 17 17 4 16 5
248 -1.1495673039589913 -3.8518294290011794 6.2659811466822317 22 24 17 1.6092925468505777 6 31 17 11 5 14 16 1 16 4 4 3 3 17 15 13 1 23 14 26
249 -1.4250855898064563 -4.3502517682282038 4.3834486956611594 211 222 181 1.9227658652620518 18 15 17 16 4 29 3 51 15 63 1 68 1 69
251 -0.36629876885016821 -3.9041662342641557 4.3835459433068591 231 243 177 1.9142654067892031 6 44 17 61 5 43 4 54 16 73
252 -0.044525564566525538 -2.5555080989759977 5.9379078006015442 182 193 156 1.1695834507656604 18 85 17 68 5 58 4 30 3 19 1 15
253 0.5393333518461183 -2.9588915044089439 6.1890143642562911 85 88 66 1.5946889739208263 4 45 16 53 3 23 15 33 1 16
254 -0.17209932255536178 -3.5898565168906535 4.350558143234827 186 199 154 1.593557907440913 18 70 17 83 16 79
255 0.60747175970967338 -2.5046845422595116 6.3388161888808456 99 108 88 1.8341164440341331 17 86 5 71 4 44 16 55 3 20 15 22
257 0.58592221736745598 -5.1562054138224838 2.9797078714547811 123 132 99 0.988910905288925 6 39 17 100 16 98
259 0.70930743858271283 -3.6307479702918317 3.1401919575921133 161 165 125 1.7550320158795123 6 83 17 120 5 102 4 105
305 1.7698474669119602 -4.6111305327378069 2.8219871111993959 68 62 32 1.3678835243286731 5 122 4 115 3 105 2 88
313 -1.8065511711007554 -4.0912004120524115 4.3269593229802421 142 140 97 0.49235997530608261 4 21 16 29 15 57
