15.06	15.093	15.19	15.353	15.579	15.867	16.219	16.632	17.106	17.641	18.235	18.888	19.599	20.368	21.193	22.075	23.012	24.003	25.048	26.146	27.296	28.497	29.75	31.052	32.403	33.803	35.25	36.745	38.285	39.87	41.501	43.174	44.891	46.651	48.452	50.293	52.175	54.096	56.055	58.052	60.086	62.157	64.263	66.404	68.58	70.789	73.03	75.304	77.609	79.944	82.31	84.705	87.129	89.58	92.059	94.565	97.097	99.654	102.24	104.84	107.47	110.12	112.8	115.49	118.21	120.95	123.7	126.48	129.27	132.09	134.92	137.76	140.62	143.5	146.4	149.31	152.23	155.16	158.11	161.07	164.04	167.03	170.02	173.03	176.04	179.06	182.1	185.14	188.18	191.24	194.3	197.36	200.44	203.51	206.59	209.68	212.77	215.86	218.95	222.04
0	4.8403e-10	1.9011e-09	4.242e-09	7.4976e-09	1.1659e-08	1.6715e-08	2.2657e-08	2.9475e-08	3.7159e-08	4.5699e-08	5.5083e-08	6.5303e-08	7.6347e-08	8.8205e-08	1.0087e-07	1.1432e-07	1.2855e-07	1.4356e-07	1.5933e-07	1.7584e-07	1.9309e-07	2.1107e-07	2.2976e-07	2.4916e-07	2.6926e-07	2.9003e-07	3.1148e-07	3.3359e-07	3.5634e-07	3.7974e-07	4.0376e-07	4.284e-07	4.5365e-07	4.7949e-07	5.0591e-07	5.3291e-07	5.6047e-07	5.8858e-07	6.1723e-07	6.4642e-07	6.7612e-07	7.0634e-07	7.3705e-07	7.6825e-07	7.9993e-07	8.3208e-07	8.6469e-07	8.9775e-07	9.3125e-07	9.6517e-07	9.9952e-07	1.0343e-06	1.0694e-06	1.105e-06	1.1409e-06	1.1772e-06	1.2138e-06	1.2508e-06	1.2882e-06	1.3259e-06	1.3639e-06	1.4022e-06	1.4409e-06	1.4798e-06	1.519e-06	1.5585e-06	1.5983e-06	1.6383e-06	1.6786e-06	1.7192e-06	1.7599e-06	1.801e-06	1.8422e-06	1.8836e-06	1.9253e-06	1.9671e-06	2.0092e-06	2.0514e-06	2.0938e-06	2.1363e-06	2.179e-06	2.2219e-06	2.2649e-06	2.308e-06	2.3513e-06	2.3947e-06	2.4382e-06	2.4818e-06	2.5255e-06	2.5692e-06	2.6131e-06	2.657e-06	2.701e-06	2.7451e-06	2.7892e-06	2.8333e-06	2.8775e-06	2.9217e-06	2.966e-06
0	4.8474	9.6961	14.545	19.394	24.241	29.086	33.929	38.768	43.603	48.433	53.257	58.076	62.887	67.692	72.489	77.277	82.057	86.827	91.588	96.338	101.08	105.81	110.53	115.23	119.93	124.61	129.28	133.93	138.58	143.21	147.83	152.43	157.02	161.59	166.16	170.7	175.24	179.76	184.26	188.75	193.23	197.69	202.14	206.58	211	215.4	219.79	224.17	228.53	232.88	237.22	241.54	245.85	250.14	254.43	258.7	262.95	267.2	271.43	275.65	279.86	284.05	288.24	292.41	296.57	300.73	304.87	309	313.12	317.23	321.34	325.43	329.52	333.6	337.67	341.73	345.78	349.83	353.87	357.91	361.94	365.96	369.98	374	378.01	382.01	386.02	390.01	394.01	398.01	402	405.99	409.98	413.96	417.95	421.94	425.93	429.92	433.91
9.2216e-16	0.034101	0.1359	0.30468	0.53971	0.84026	1.2056	1.6349	2.1274	2.6824	3.299	3.9765	4.714	5.5108	6.366	7.2788	8.2484	9.274	10.355	11.49	12.678	13.919	15.212	16.556	17.95	19.393	20.884	22.424	24.01	25.642	27.319	29.04	30.805	32.613	34.462	36.352	38.283	40.253	42.262	44.309	46.393	48.513	50.669	52.859	55.084	57.342	59.632	61.954	64.307	66.691	69.104	71.546	74.016	76.514	79.038	81.589	84.165	86.765	89.39	92.038	94.709	97.402	100.12	102.85	105.61	108.38	111.17	113.99	116.82	119.66	122.53	125.4	128.3	131.21	134.13	137.07	140.02	142.98	145.95	148.93	151.93	154.94	157.95	160.97	164.01	167.05	170.09	173.15	176.21	179.28	182.35	185.43	188.51	191.59	194.68	197.77	200.86	203.95	207.05	210.14
15.06	15.06	15.06	15.06	15.06	15.06	15.06	15.06	15.06	15.06	15.06	15.06	15.06	15.06	15.06	15.06	15.06	15.06	15.06	15.06	15.06	15.06	15.06	15.06	15.06	15.06	15.06	15.06	15.06	15.06	15.06	15.06	15.06	15.06	15.06	15.06	15.06	15.06	15.06	15.06	15.06	15.06	15.06	15.06	15.06	15.06	15.06	15.06	15.06	15.06	15.06	15.06	15.06	15.06	15.06	15.06	15.06	15.06	15.06	15.06	15.06	15.06	15.06	15.06	15.06	15.06	15.06	15.06	15.06	15.06	15.06	15.06	15.06	15.06	15.06	15.06	15.06	15.06	15.06	15.06	15.06	15.06	15.06	15.06	15.06	15.06	15.06	15.06	15.06	15.06	15.06	15.06	15.06	15.06	15.06	15.06	15.06	15.06	15.06	15.06
0	5.0503	10.1	15.147	20.192	25.234	30.271	35.303	40.33	45.35	50.362	55.367	60.364	65.351	70.328	75.296	80.252	85.197	90.131	95.052	99.961	104.86	109.74	114.61	119.46	124.3	129.13	133.94	138.73	143.51	148.28	153.02	157.76	162.47	167.17	171.85	176.52	181.17	185.81	190.42	195.02	199.61	204.17	208.72	213.26	217.78	222.28	226.76	231.23	235.68	240.12	244.54	248.95	253.34	257.71	262.07	266.41	270.74	275.06	279.36	283.65	287.92	292.18	296.42	300.66	304.88	309.08	313.28	317.46	321.64	325.8	329.95	334.08	338.21	342.33	346.44	350.54	354.63	358.71	362.79	366.86	370.91	374.97	379.01	383.05	387.08	391.11	395.13	399.15	403.16	407.17	411.18	415.18	419.18	423.18	427.17	431.16	435.16	439.15	443.14
-15.06	-15.025	-14.919	-14.743	-14.499	-14.187	-13.808	-13.362	-12.851	-12.276	-11.637	-10.935	-10.171	-9.3464	-8.4614	-7.5173	-6.5148	-5.4549	-4.3385	-3.1665	-1.9398	-0.65928	0.6741	2.0595	3.4959	4.9825	6.5184	8.1027	9.7344	11.413	13.137	14.906	16.718	18.574	20.472	22.412	24.392	26.411	28.47	30.566	32.699	34.869	37.074	39.314	41.588	43.895	46.234	48.605	51.006	53.437	55.898	58.387	60.904	63.447	66.017	68.613	71.233	73.877	76.545	79.235	81.948	84.681	87.436	90.21	93.004	95.816	98.646	101.49	104.36	107.24	110.14	113.05	115.97	118.91	121.86	124.83	127.8	130.79	133.79	136.8	139.82	142.84	145.88	148.92	151.97	155.03	158.09	161.16	164.24	167.32	170.4	173.49	176.58	179.67	182.76	185.86	188.95	192.05	195.15	198.24
1.8443e-15	4.9466e-10	1.9992e-09	4.5021e-09	7.9917e-09	1.2456e-08	1.7884e-08	2.4262e-08	3.1578e-08	3.982e-08	4.8976e-08	5.9032e-08	6.9976e-08	8.1796e-08	9.4478e-08	1.0801e-07	1.2238e-07	1.3757e-07	1.5357e-07	1.7037e-07	1.8796e-07	2.0631e-07	2.2542e-07	2.4528e-07	2.6587e-07	2.8718e-07	3.092e-07	3.3191e-07	3.553e-07	3.7936e-07	4.0407e-07	4.2943e-07	4.5542e-07	4.8202e-07	5.0922e-07	5.3702e-07	5.654e-07	5.9435e-07	6.2385e-07	6.539e-07	6.8448e-07	7.1557e-07	7.4718e-07	7.7928e-07	8.1186e-07	8.4492e-07	8.7844e-07	9.1241e-07	9.4683e-07	9.8166e-07	1.0169e-06	1.0526e-06	1.0886e-06	1.1251e-06	1.1619e-06	1.1991e-06	1.2366e-06	1.2745e-06	1.3127e-06	1.3512e-06	1.3901e-06	1.4293e-06	1.4687e-06	1.5084e-06	1.5484e-06	1.5887e-06	1.6292e-06	1.67e-06	1.711e-06	1.7523e-06	1.7937e-06	1.8354e-06	1.8773e-06	1.9193e-06	1.9616e-06	2.004e-06	2.0466e-06	2.0894e-06	2.1323e-06	2.1753e-06	2.2185e-06	2.2618e-06	2.3052e-06	2.3487e-06	2.3924e-06	2.4361e-06	2.4799e-06	2.5238e-06	2.5678e-06	2.6118e-06	2.6559e-06	2.7e-06	2.7441e-06	2.7883e-06	2.8326e-06	2.8768e-06	2.921e-06	2.9653e-06	3.0095e-06	3.0537e-06
0	5.2533	10.504	15.75	20.991	26.227	31.456	36.678	41.892	47.097	52.292	57.477	62.651	67.814	72.965	78.102	83.227	88.338	93.435	98.517	103.58	108.63	113.67	118.69	123.69	128.68	133.65	138.6	143.53	148.45	153.34	158.22	163.08	167.92	172.75	177.55	182.34	187.1	191.85	196.58	201.29	205.98	210.65	215.31	219.94	224.56	229.16	233.73	238.29	242.84	247.36	251.87	256.35	260.82	265.28	269.71	274.13	278.54	282.92	287.29	291.64	295.98	300.3	304.61	308.9	313.18	317.44	321.69	325.93	330.15	334.36	338.55	342.74	346.91	351.07	355.22	359.35	363.48	367.6	371.71	375.8	379.89	383.97	388.04	392.1	396.16	400.21	404.25	408.29	412.32	416.34	420.36	424.37	428.38	432.39	436.39	440.39	444.38	448.38	452.37
-2.7665e-15	0.034101	0.1359	0.30468	0.53971	0.84026	1.2056	1.6349	2.1274	2.6824	3.299	3.9765	4.714	5.5108	6.366	7.2788	8.2484	9.274	10.355	11.49	12.678	13.919	15.212	16.556	17.95	19.393	20.884	22.424	24.01	25.642	27.319	29.04	30.805	32.613	34.462	36.352	38.283	40.253	42.262	44.309	46.393	48.513	50.669	52.859	55.084	57.342	59.632	61.954	64.307	66.691	69.104	71.546	74.016	76.514	79.038	81.589	84.165	86.765	89.39	92.038	94.709	97.402	100.12	102.85	105.61	108.38	111.17	113.99	116.82	119.66	122.53	125.4	128.3	131.21	134.13	137.07	140.02	142.98	145.95	148.93	151.93	154.94	157.95	160.97	164.01	167.05	170.09	173.15	176.21	179.28	182.35	185.43	188.51	191.59	194.68	197.77	200.86	203.95	207.05	210.14
-15.06	-15.06	-15.06	-15.06	-15.06	-15.06	-15.06	-15.06	-15.06	-15.06	-15.06	-15.06	-15.06	-15.06	-15.06	-15.06	-15.06	-15.06	-15.06	-15.06	-15.06	-15.06	-15.06	-15.06	-15.06	-15.06	-15.06	-15.06	-15.06	-15.06	-15.06	-15.06	-15.06	-15.06	-15.06	-15.06	-15.06	-15.06	-15.06	-15.06	-15.06	-15.06	-15.06	-15.06	-15.06	-15.06	-15.06	-15.06	-15.06	-15.06	-15.06	-15.06	-15.06	-15.06	-15.06	-15.06	-15.06	-15.06	-15.06	-15.06	-15.06	-15.06	-15.06	-15.06	-15.06	-15.06	-15.06	-15.06	-15.06	-15.06	-15.06	-15.06	-15.06	-15.06	-15.06	-15.06	-15.06	-15.06	-15.06	-15.06	-15.06	-15.06	-15.06	-15.06	-15.06	-15.06	-15.06	-15.06	-15.06	-15.06	-15.06	-15.06	-15.06	-15.06	-15.06	-15.06	-15.06	-15.06	-15.06	-15.06
0	5.0503	10.1	15.147	20.192	25.234	30.271	35.303	40.33	45.35	50.362	55.367	60.364	65.351	70.328	75.296	80.252	85.197	90.131	95.052	99.961	104.86	109.74	114.61	119.46	124.3	129.13	133.94	138.73	143.51	148.28	153.02	157.76	162.47	167.17	171.85	176.52	181.17	185.81	190.42	195.02	199.61	204.17	208.72	213.26	217.78	222.28	226.76	231.23	235.68	240.12	244.54	248.95	253.34	257.71	262.07	266.41	270.74	275.06	279.36	283.65	287.92	292.18	296.42	300.66	304.88	309.08	313.28	317.46	321.64	325.8	329.95	334.08	338.21	342.33	346.44	350.54	354.63	358.71	362.79	366.86	370.91	374.97	379.01	383.05	387.08	391.11	395.13	399.15	403.16	407.17	411.18	415.18	419.18	423.18	427.17	431.16	435.16	439.15	443.14
