# Image list with two lines of data per image:
#   IMAGE_ID, QW, QX, QY, QZ, TX, TY, TZ, CAMERA_ID, NAME
#   POINTS2D[] as (X, Y, POINT3D_ID)
# Number of images: 24, mean observations per image: 83.75
1 0.052234761573270998 0.037929507930140258 -0.56070955108687071 0.82549238726442598 1.4530126969483004 3.7395393297763135 2.872918308652872 1 0000.png
236 128 284 226 129 -1 232 129 -1 237 132 284 241 132 -1 216 133 -1 233 134 455 240 136 347 244 136 -1 202 144 -1 244 146 368 236 157 -1 240 157 414 231 158 -1 206 159 294 216 159 456 227 159 354 250 165 -1 199 170 335 198 174 -1 261 176 249 243 184 457 165 185 -1 169 185 458 189 185 459 193 185 -1 157 186 -1 161 186 -1 173 186 -1 177 186 460 215 186 -1 148 187 -1 152 188 -1 192 189 461 145 191 -1 141 192 -1 267 192 -1 137 194 -1 134 198 -1 130 202 -1 215 207 -1 197 208 462 243 208 463 248 208 -1 239 209 405 272 209 397 120 211 -1 286 214 310 119 215 -1 254 216 -1 118 219 -1 203 223 464 117 224 -1 247 224 -1 278 224 -1 222 226 -1 256 227 -1 117 228 -1 207 231 -1 256 231 -1 211 233 -1 231 234 -1 116 235 -1 268 236 36 284 236 348 168 237 -1 172 237 -1 208 237 -1 212 237 -1 264 237 467 272 237 36 252 238 -1 117 239 -1 171 241 -1 213 241 -1 175 242 -1 118 243 -1 128 246 -1 132 246 -1 136 246 -1 239 247 -1 243 247 -1 142 248 -1 121 250 345 218 251 -1 121 254 -1 168 254 -1 221 255 -1 246 255 -1 250 255 286 149 256 -1 225 257 -1 229 257 -1 236 259 -1 149 260 218 240 260 289 244 260 468 226 264 -1 231 265 -1 120 267 -1 227 269 -1 231 269 -1 219 270 -1 118 275 -1 135 275 469 209 278 -1 118 279 -1 190 281 303 207 283 411 199 285 -1 149 287 -1 174 287 470 203 287 -1 208 287 -1 199 289 157
2 0.97114612495334096 -0.11416596196447616 0.006898424651771747 -0.20926956026656005 -0.62076113079854423 3.3375672334979996 -0.39820851120863821 1 0001.png
264 157 -1 279 157 -1 283 158 -1 252 160 101 287 163 -1 283 167 105 287 167 598 291 167 598 249 169 -1 168 171 2 172 171 2 176 171 600 180 171 601 287 171 223 164 172 602 184 172 -1 160 173 604 191 173 5 195 173 605 248 173 -1 291 173 606 244 174 -1 199 175 607 257 176 608 152 177 609 290 177 107 148 178 610 208 181 -1 143 182 -1 230 183 -1 136 186 -1 140 186 -1 217 187 579 277 187 580 135 190 -1 219 191 -1 232 193 548 132 194 -1 128 195 -1 129 199 -1 128 203 -1 153 209 -1 283 209 561 226 211 556 150 213 11 154 213 545 284 213 561 126 214 -1 158 214 15 226 215 557 227 219 559 284 220 563 125 222 -1 121 223 -1 117 224 -1 273 230 -1 283 231 614 115 232 -1 166 234 615 284 235 -1 116 236 616 106 237 588 162 238 617 166 238 -1 285 239 -1 254 240 618 274 240 -1 250 241 -1 127 242 -1 229 243 -1 286 243 -1 145 244 619 247 245 -1 230 247 591 286 247 -1 286 251 -1 245 252 593 266 252 621 285 255 -1 227 261 622 140 263 -1 144 266 -1 225 266 623 248 267 -1 149 269 -1 153 271 -1 247 271 -1 279 271 -1 159 272 -1 258 273 -1 270 273 -1 174 274 562 262 274 -1 266 274 -1 244 275 -1 240 277 -1 200 278 624 227 278 -1 231 278 -1 236 278 -1 181 279 -1 213 279 625 217 279 -1 184 283 -1 195 285 626 182 287 565 186 287 565
3 0.28290637810312458 -0.036520017096424447 -0.55447738311386829 0.78178328275491116 2.101988267838538 2.9929990491964067 2.6918934642228018 1 0002.png
169 120 313 176 120 284 180 120 -1 184 123 347 162 124 314 172 128 455 191 131 368 154 138 254 193 142 414 160 143 -1 155 144 353 218 144 279 222 145 249 154 148 350 182 148 354 154 152 -1 236 152 396 172 154 456 165 160 294 249 160 311 190 161 359 192 167 415 266 167 310 255 168 397 270 168 310 197 169 398 205 169 503 193 171 297 272 172 321 163 174 335 252 174 -1 193 175 -1 221 176 316 274 176 -1 250 179 -1 274 180 369 249 183 -1 225 184 399 249 187 99 225 188 400 229 188 401 249 191 39 271 191 402 226 192 403 275 192 348 160 194 459 164 194 461 201 195 463 197 196 405 207 196 416 213 197 407 263 197 36 217 200 -1 149 202 -1 145 203 -1 218 204 319 243 204 34 137 209 -1 254 209 88 219 211 -1 129 213 -1 133 213 -1 175 214 408 237 214 98 219 215 -1 126 217 -1 130 217 -1 127 221 -1 183 222 464 218 222 -1 126 225 -1 184 226 -1 254 226 286 218 227 -1 183 231 -1 219 231 409 124 232 -1 223 232 299 183 236 -1 248 236 289 122 237 -1 184 240 -1 122 241 -1 215 243 487 184 244 410 211 245 -1 188 246 -1 122 248 -1 183 248 -1 206 249 -1 241 249 293 198 250 -1 202 250 -1 228 250 -1 122 253 -1 123 257 -1 124 261 366 222 261 -1 219 271 411 155 273 -1 223 273 265 133 276 345 155 277 218 207 277 303 222 277 157 132 287 412 194 289 470 190 290 -1 186 294 268 150 295 469 154 295 43 178 295 -1 182 295 -1 160 296 -1 165 296 413 136 303 219 134 307 219
4 0.50360266149969068 -0.10486712130562842 -0.51391986018172753 0.68649371702171613 2.2965736835724431 2.0821802524062503 2.3847389425417194 1 0003.png
223 137 310 227 137 310 231 138 321 177 139 249 184 139 278 204 139 311 173 140 249 167 142 279 216 143 45 121 144 284 128 144 347 135 144 368 163 144 131 238 144 369 117 146 313 139 146 368 159 146 352 113 148 313 239 148 369 112 152 314 241 153 123 147 154 414 111 156 351 242 157 348 109 160 351 108 164 -1 217 165 99 221 165 39 109 168 254 237 168 36 134 169 355 185 170 316 110 172 353 236 172 317 160 174 503 188 174 399 111 176 350 156 177 398 187 178 400 191 178 -1 235 179 88 112 180 350 183 180 -1 223 181 34 116 182 257 131 182 332 144 182 415 148 184 297 241 184 125 201 195 156 222 195 98 197 196 319 208 196 320 242 196 286 134 197 335 238 197 -1 201 199 46 243 200 287 135 201 -1 161 204 416 165 204 -1 243 204 288 174 205 407 138 208 -1 153 208 405 243 208 289 176 209 -1 244 212 290 179 213 -1 144 214 -1 148 214 -1 145 218 -1 149 218 -1 194 218 -1 212 218 299 208 219 409 244 219 -1 144 222 338 194 222 -1 244 223 293 185 224 -1 243 227 293 137 232 339 184 233 -1 136 237 -1 236 237 -1 219 239 133 166 240 -1 135 241 -1 184 248 -1 230 248 29 155 249 -1 240 249 342 182 252 -1 157 253 -1 161 254 -1 218 254 -1 233 255 411 176 256 -1 180 256 -1 229 256 -1 237 256 265 135 257 -1 164 258 -1 213 259 137 135 261 -1 211 263 137 135 265 -1 228 267 303 136 269 -1 138 275 -1 224 275 306 140 279 -1 221 280 266 142 283 322 215 287 267 169 289 -1 173 290 218 213 291 268 209 293 269 156 295 345 204 296 270 199 300 271 195 301 413 183 304 43 159 312 148 176 318 52 166 320 219 167 324 219
5 0.6970449931424042 -0.15156476319455683 -0.42178776094574311 0.55968873921963136 1.8417212115670556 1.1678476530209407 1.9243471715102798 1 0004.png
179 126 -1 175 130 310 179 130 321 183 130 321 192 136 369 166 140 45 195 140 123 158 144 311 198 144 90 154 145 248 150 148 276 200 149 153 146 150 277 142 153 278 138 155 249 179 159 99 174 160 281 183 160 39 206 161 88 132 162 279 216 165 125 129 166 131 220 167 80 198 170 34 215 170 -1 168 171 -1 219 171 126 223 172 81 218 175 285 214 176 27 222 176 286 227 180 287 118 182 414 201 182 98 101 183 347 97 184 347 228 184 288 93 185 284 91 189 284 223 189 -1 232 189 289 189 191 320 88 193 313 185 193 320 234 193 290 143 194 251 162 194 -1 179 196 156 87 197 326 175 197 319 235 197 -1 179 200 46 87 201 -1 237 201 292 87 205 351 238 205 293 112 207 255 229 208 23 196 210 -1 200 210 299 240 210 130 89 211 254 112 213 -1 91 215 -1 95 217 350 116 220 294 120 220 -1 98 221 350 102 221 257 107 221 332 218 222 258 127 223 -1 123 224 259 181 224 50 134 226 260 138 226 261 142 226 -1 218 226 133 151 228 113 180 228 262 222 228 133 128 230 -1 155 230 -1 230 231 29 247 231 465 251 231 265 127 234 -1 248 235 265 252 235 157 128 239 -1 175 239 -1 129 243 -1 174 243 -1 243 243 303 129 247 -1 144 248 -1 163 248 -1 167 248 -1 171 248 -1 215 250 137 235 251 32 168 252 -1 209 252 -1 213 254 137 217 254 137 152 255 -1 229 255 38 167 256 -1 209 256 273 243 260 306 166 263 -1 192 264 -1 243 264 266 165 267 -1 142 268 -1 243 268 308 146 271 -1 142 272 -1 241 272 267 154 275 -1 240 277 268 239 281 269 235 285 270 165 287 -1 232 289 271 169 290 -1 196 292 218 200 292 218 173 293 322 192 295 58 183 298 -1 217 298 43 206 299 53 187 301 207 215 313 52 196 318 148 206 321 219 203 325 309 207 325 219
6 0.85220104290389243 -0.17677101372222087 -0.30719832774797168 0.38488255170894198 0.98419249679436838 0.66382881683344408 1.6367074269734709 1 0005.png
134 147 321 141 147 150 145 147 -1 130 148 310 151 148 123 155 149 90 160 151 153 128 152 310 165 152 124 183 157 85 179 158 125 188 158 80 175 160 88 192 160 81 188 162 126 196 162 82 127 163 45 154 166 -1 138 171 127 143 172 99 148 172 39 179 172 27 211 173 7 176 176 128 191 176 370 195 176 28 120 178 104 219 181 274 223 182 -1 227 183 130 119 184 -1 116 188 249 239 189 -1 171 190 100 216 191 23 203 192 -1 184 193 -1 244 193 -1 170 194 -1 242 197 -1 246 197 -1 169 198 155 112 200 131 247 201 -1 168 202 -1 229 204 25 189 206 132 149 207 55 167 207 46 185 207 37 193 207 132 249 207 157 165 211 46 224 212 29 166 215 49 213 215 133 209 217 133 255 219 -1 109 220 414 134 221 251 130 222 135 126 224 -1 176 224 47 256 224 159 237 226 32 96 227 347 176 228 50 258 228 9 93 232 284 176 232 262 234 235 38 259 235 -1 92 236 -1 175 236 -1 247 236 213 126 238 329 260 239 13 91 240 -1 175 240 221 213 240 137 262 243 212 174 244 245 212 244 273 216 244 -1 208 245 109 93 246 -1 263 247 -1 174 248 140 212 248 273 95 250 -1 145 251 113 128 252 260 132 252 261 173 252 64 121 253 141 98 254 160 117 255 256 102 256 -1 270 256 103 121 257 259 106 258 350 110 258 257 266 258 -1 164 260 -1 270 260 106 258 262 26 119 263 -1 134 263 -1 164 264 -1 268 264 107 151 266 142 124 270 73 126 274 121 128 278 -1 247 279 43 164 280 120 224 282 218 185 283 115 220 283 218 137 284 -1 163 284 74 236 284 53 189 285 -1 216 287 57 220 287 58 156 288 217 199 288 -1 148 289 -1 152 290 145 203 290 146 144 292 -1 218 292 207 148 293 79 250 293 52 152 294 79 251 297 52 228 301 147 232 303 148 247 304 219 236 305 65 243 307 219 247 308 219
7 0.949758220986614 -0.18760628691093253 -0.1721668980971478 0.18199385148801428 0.026096552626508132 0.69003210815522731 1.6271694933412606 1 0006.png
159 167 80 163 167 81 167 167 82 171 167 199 226 167 83 177 168 84 184 168 7 188 168 7 222 168 1 154 169 85 206 169 130 230 169 86 199 170 274 159 171 126 143 175 87 147 175 88 162 175 200 127 176 89 119 177 123 123 177 90 244 181 91 194 182 19 109 183 -1 114 183 92 153 183 201 167 183 28 230 183 15 163 184 370 108 187 -1 151 187 27 250 187 93 104 188 94 150 191 128 211 191 25 103 192 310 256 192 9 260 195 -1 151 196 96 104 197 97 129 198 39 152 200 98 126 202 99 268 202 13 112 203 -1 153 204 100 271 206 212 229 207 32 281 208 -1 182 209 132 285 209 102 243 210 213 239 212 33 288 214 103 113 215 104 168 217 -1 198 217 134 228 217 38 288 218 105 292 218 106 114 219 -1 160 222 46 115 223 -1 161 226 49 116 227 -1 208 227 205 284 227 107 145 228 55 149 228 -1 273 228 26 176 229 47 210 231 -1 176 233 50 214 234 -1 118 235 131 206 235 -1 210 235 137 210 239 273 180 240 262 206 240 109 119 244 -1 181 245 221 120 248 -1 181 249 -1 268 249 43 177 250 -1 178 254 245 182 255 140 122 256 110 122 260 -1 182 260 64 256 261 53 232 263 -1 239 263 218 276 263 52 121 264 -1 183 264 163 243 264 218 242 269 58 120 270 -1 124 272 112 151 272 113 162 273 114 178 273 69 120 274 -1 241 274 207 245 274 207 276 274 219 199 275 220 124 276 -1 203 276 -1 208 277 115 213 277 115 225 277 146 229 277 -1 259 278 -1 273 278 219 277 278 219 133 279 141 120 280 117 263 280 65 171 282 71 123 284 118 154 287 142 134 288 119 175 291 120 138 295 73 176 296 74 140 299 121 168 302 217 174 303 76 167 306 145 171 307 122 163 310 79 167 310 79
8 0.98046513043867434 -0.19068889187029603 -0.035685224050969258 -0.032441320805174208 -0.58633151345791201 1.1610305234282501 1.6952150643660107 1 0007.png
204 152 -1 208 155 86 204 156 371 212 156 444 199 157 83 216 157 -1 220 159 172 224 160 -1 194 161 3 228 161 197 202 167 11 270 167 101 256 168 13 229 169 176 260 169 212 264 169 212 183 170 130 287 170 573 291 170 106 214 171 227 178 174 274 173 175 -1 168 177 7 271 177 21 156 184 -1 152 185 199 177 186 181 274 187 26 142 188 80 146 188 -1 199 189 449 176 190 23 274 191 26 143 192 126 230 192 213 143 196 200 192 196 29 214 196 32 155 201 28 135 202 88 154 207 -1 140 208 201 217 208 38 242 210 202 246 210 203 121 212 -1 140 212 27 155 212 -1 277 213 253 245 214 204 177 215 182 120 216 -1 142 217 128 279 217 -1 116 218 -1 177 219 132 216 220 -1 144 221 96 200 221 234 115 222 -1 204 222 -1 177 223 37 191 224 134 208 224 205 126 226 -1 229 226 -1 288 227 52 109 228 -1 153 230 100 108 232 -1 179 232 44 268 232 53 214 234 -1 132 235 99 109 236 -1 179 236 44 293 237 219 214 238 -1 210 239 109 113 240 97 178 240 -1 292 241 219 296 241 219 182 242 47 125 243 206 168 243 49 251 243 218 255 243 218 185 246 431 259 246 58 261 250 207 265 250 233 155 251 55 191 252 221 131 253 240 195 256 245 255 258 -1 197 260 245 248 262 146 140 263 210 201 263 64 242 265 -1 205 266 163 238 266 115 201 267 64 221 267 220 234 267 115 143 268 -1 217 268 214 148 276 -1 150 280 211 200 282 69 184 287 114 155 289 244 157 293 443 194 294 71 159 297 -1 161 302 72 200 304 74 184 308 166 201 308 243 164 310 -1 200 312 76 196 313 217 166 314 75 195 317 217 195 321 79
9 0.94776385405813879 -0.17596073392925282 0.11250057231237094 -0.24109151433704742 -1.0131089250926946 2.0132995308997015 1.9662905693438602 1 0008.png
258 128 573 258 132 106 246 134 102 260 139 223 236 141 542 260 145 174 231 146 212 227 147 13 223 148 13 244 148 21 247 155 417 251 156 26 177 157 -1 186 157 173 255 158 26 181 159 224 177 161 1 194 167 176 190 168 -1 265 168 225 169 173 -1 169 177 -1 271 177 253 182 178 227 168 181 375 257 185 40 163 186 572 232 187 229 205 188 213 233 191 203 278 191 52 160 193 230 187 193 231 235 198 204 192 199 32 155 200 -1 261 202 376 280 203 -1 284 203 -1 284 207 -1 200 208 38 147 209 -1 165 209 -1 177 209 29 231 212 -1 145 213 -1 255 217 532 143 219 -1 275 219 -1 255 221 532 170 223 232 272 223 233 151 227 28 193 227 234 173 228 182 140 231 -1 268 231 -1 174 232 132 140 235 -1 176 236 37 264 239 -1 140 240 235 180 242 183 260 244 -1 256 246 -1 183 248 428 252 248 -1 152 249 -1 156 250 184 160 251 100 134 252 -1 186 252 -1 190 254 431 244 254 -1 194 255 431 133 256 236 240 256 220 198 257 221 180 258 49 202 258 221 208 261 245 222 261 237 212 262 64 226 262 163 131 266 238 150 269 206 130 270 442 134 270 42 138 271 239 173 271 55 132 274 189 139 276 45 143 276 45 159 276 240 230 276 426 166 280 191 231 280 429 170 282 210 174 285 -1 232 287 -1 176 289 436 227 291 -1 212 295 193 229 295 -1 183 300 244 187 301 439 226 303 437 189 305 443 226 308 440 190 309 441 227 312 243 224 317 -1 220 319 217 224 321 122 200 322 75 211 322 382
10 0.85248458746865585 -0.15351657525588208 0.23306402637502396 -0.44202245289121106 -0.81489466074225281 2.9253416144494264 2.3118015625935016 1 0009.png
199 120 573 203 120 106 212 130 174 195 131 102 218 142 471 201 143 21 190 146 212 231 146 373 236 148 -1 205 149 417 240 149 253 244 151 418 249 155 419 252 159 490 176 160 374 256 161 -1 260 163 -1 260 167 493 168 168 -1 223 171 40 242 171 497 261 171 -1 265 174 -1 260 176 -1 158 178 -1 249 178 472 265 178 -1 154 179 -1 158 182 224 266 182 496 154 183 -1 202 186 229 256 187 473 232 188 376 267 188 -1 153 189 -1 268 193 -1 254 197 474 267 197 -1 267 202 -1 178 204 213 235 205 532 150 206 -1 239 207 477 266 208 -1 235 209 532 150 210 -1 150 214 -1 173 215 32 264 217 -1 183 221 38 263 221 -1 261 225 -1 154 226 423 259 229 -1 168 232 29 214 232 -1 255 235 511 150 239 424 150 243 -1 172 243 232 151 247 -1 173 247 182 246 247 512 152 251 425 177 252 -1 181 254 -1 229 254 237 154 255 -1 182 258 525 186 258 183 227 258 64 155 259 -1 253 259 426 223 260 245 190 261 428 259 261 429 263 261 475 157 263 430 202 263 431 206 263 432 210 263 221 159 267 434 266 269 -1 161 271 435 178 271 100 254 272 -1 268 273 514 268 277 516 197 279 55 264 281 478 268 281 518 163 283 236 181 285 206 263 285 522 267 285 520 163 287 238 198 287 191 265 289 481 260 292 -1 207 293 436 235 293 193 250 293 437 168 295 42 164 297 442 178 297 45 174 298 45 217 303 439 251 303 440 218 307 443 222 309 441 240 315 -1 246 315 217 250 315 122 235 319 -1 240 319 382 229 320 381
11 0.70376561141846516 -0.13844216385041241 0.3299931076686155 -0.6137200341722755 -0.37177852298793373 3.5653616918357556 2.5488260419684354 1 0010.png
145 146 106 160 148 174 199 149 418 191 150 489 203 150 419 207 150 -1 183 151 373 187 151 373 211 151 490 217 153 491 174 154 471 145 155 102 221 155 493 225 156 494 152 159 -1 228 160 495 153 163 -1 153 167 21 235 167 496 160 168 417 200 172 420 204 173 498 240 173 499 208 174 472 148 175 -1 243 177 501 147 179 502 245 181 -1 191 182 -1 145 183 -1 180 183 40 218 183 473 144 187 -1 180 187 506 219 187 507 247 188 -1 144 191 -1 220 191 474 249 192 -1 194 194 376 143 195 -1 220 195 509 249 196 -1 143 200 -1 250 201 -1 143 204 -1 250 205 -1 206 207 477 144 209 -1 205 211 532 209 211 477 144 213 510 250 214 511 144 217 -1 248 227 512 148 229 513 278 233 475 274 234 429 268 236 426 143 237 -1 169 242 38 145 243 -1 290 244 514 237 246 582 144 247 515 292 248 516 235 250 -1 231 252 -1 292 253 518 153 256 -1 170 256 -1 293 258 520 161 259 521 289 259 -1 285 260 522 162 263 523 279 263 524 290 263 481 218 265 221 272 265 554 286 266 -1 163 267 -1 165 271 -1 186 271 525 201 271 428 168 275 -1 204 275 -1 173 277 -1 204 279 -1 252 283 193 248 284 -1 179 285 527 221 286 -1 225 286 529 266 286 530 192 288 435 217 288 -1 266 290 -1 239 297 531 198 298 236 215 299 -1 215 303 45 205 304 239 268 305 -1 264 306 -1 209 307 -1 205 308 189 201 309 442 250 310 381 255 311 382 248 314 381
12 0.98735277685610734 -0.098909562981969484 -0.12088792161779276 0.027157002636154427 -1.0582043951430764 2.7433132184970659 -0.69288163190178798 1 0011.png
175 162 86 167 163 83 171 163 1 182 163 444 163 164 83 186 164 445 192 165 -1 158 166 3 196 166 2 200 167 533 153 168 535 204 169 4 149 171 536 208 172 -1 212 174 605 145 175 537 221 183 93 133 186 572 224 187 539 226 191 -1 103 192 -1 163 192 497 167 192 11 173 193 545 107 194 588 157 194 544 153 196 17 176 197 15 267 200 542 271 200 -1 277 200 574 179 201 547 127 206 19 182 206 550 291 206 599 232 207 -1 244 207 -1 248 207 -1 263 207 -1 295 208 -1 182 210 555 141 211 553 182 214 448 297 214 573 245 216 548 293 216 105 126 217 549 299 218 598 154 219 508 158 220 449 295 220 -1 126 221 552 294 224 223 298 224 598 173 225 452 127 228 -1 232 228 556 296 228 107 292 229 107 278 230 580 288 230 174 128 233 -1 231 233 557 129 237 -1 230 240 559 131 241 -1 135 246 -1 278 249 560 223 250 590 278 253 561 223 254 590 222 258 -1 149 259 562 278 261 563 221 262 620 277 265 564 255 268 618 277 269 614 151 272 -1 210 274 622 277 274 -1 223 275 -1 153 276 565 172 278 -1 176 278 624 200 279 -1 204 279 623 243 279 -1 165 280 483 180 280 -1 277 282 -1 266 283 621 183 284 -1 187 285 -1 278 286 -1 191 287 -1 196 287 -1 219 287 -1 203 288 -1 245 290 -1 204 292 470 230 293 568 247 294 -1 271 294 569 247 298 596 254 301 597 258 302 570 237 303 -1
13 0.97681795106941738 0.014620399809495765 0.028462611257536796 -0.21166675255778458 -0.7141670060944677 4.2823352328380544 0.18164087877021173 1 0012.png
256 139 574 252 140 101 288 140 -1 292 142 573 288 144 573 292 146 372 248 147 -1 288 148 -1 297 149 -1 167 150 600 171 150 -1 175 150 -1 179 150 -1 243 150 -1 293 150 598 155 151 2 159 151 -1 183 151 5 150 153 602 146 154 -1 190 154 607 295 154 598 142 155 604 194 155 93 138 157 609 227 158 -1 134 159 -1 198 159 -1 297 159 606 202 160 -1 223 160 541 126 161 577 130 161 -1 206 161 578 125 165 -1 207 166 579 211 166 540 290 166 107 121 168 -1 278 171 580 118 172 -1 116 176 -1 229 180 548 160 184 -1 228 184 548 112 188 226 151 188 -1 283 191 -1 255 194 -1 284 195 560 109 201 -1 284 202 561 219 203 556 283 206 -1 219 207 557 100 208 -1 283 210 563 283 214 564 167 215 -1 219 215 559 126 217 585 131 218 612 92 219 -1 100 219 616 136 219 -1 140 219 -1 144 219 -1 282 221 587 92 223 588 113 225 19 282 225 -1 101 227 589 281 229 -1 214 231 -1 220 236 -1 280 236 -1 151 237 615 112 238 -1 220 240 -1 279 240 -1 151 241 -1 112 242 -1 147 243 617 279 244 -1 277 250 -1 113 252 -1 220 253 591 136 254 592 234 254 -1 117 255 -1 113 256 -1 278 256 -1 241 257 593 215 258 -1 146 259 -1 150 260 -1 279 260 -1 154 261 -1 207 262 -1 213 262 -1 275 262 -1 178 266 -1 182 266 -1 203 266 -1 207 266 -1 277 266 -1 189 267 -1 257 270 621 276 270 -1 237 273 -1 237 279 595 238 283 -1 261 284 -1 248 287 -1 240 288 -1 253 290 -1 244 291 596 249 293 -1 253 294 597 257 294 570
14 0.6757821618619525 -0.024608387875641659 -0.61442685704253241 0.40643884447747275 3.7716856561375147 2.9046609942105346 3.7164855874343692 1 0013.png
226 119 310 230 119 321 234 120 321 240 120 -1 244 120 -1 243 124 369 247 124 -1 216 127 -1 245 128 123 249 128 -1 248 132 90 252 133 -1 203 137 -1 203 141 -1 248 149 88 202 151 -1 236 153 -1 199 155 383 211 157 -1 215 157 384 219 157 -1 223 157 -1 235 157 385 259 157 126 198 159 -1 262 161 -1 266 166 -1 239 169 -1 267 170 289 167 174 -1 171 174 -1 176 174 460 191 174 387 152 178 -1 158 178 -1 144 179 -1 148 179 -1 140 181 -1 218 183 -1 136 184 -1 188 184 538 231 184 -1 273 184 -1 132 186 -1 190 196 -1 276 199 300 119 201 -1 177 201 -1 194 203 408 115 204 -1 288 205 -1 195 207 462 115 208 -1 178 208 -1 231 210 -1 196 211 582 114 212 -1 238 212 -1 263 214 29 196 215 584 288 215 -1 113 216 -1 257 217 -1 159 218 -1 279 218 465 112 221 -1 257 221 -1 157 222 -1 161 222 -1 165 224 -1 112 225 -1 197 225 -1 256 225 -1 260 225 -1 111 231 -1 256 231 -1 198 232 -1 282 232 -1 113 236 -1 200 236 -1 114 240 -1 201 240 -1 253 240 -1 234 241 -1 238 241 -1 242 241 -1 204 244 -1 253 244 -1 253 248 -1 120 250 -1 253 252 -1 119 254 -1 140 256 -1 217 256 391 253 258 -1 217 260 392 150 262 -1 253 262 -1 214 264 393 231 264 218 148 266 -1 252 266 -1 116 268 -1 248 271 -1 209 275 -1 182 276 -1 140 277 -1 178 277 -1 199 277 -1 167 279 -1 171 279 -1 232 279 -1 243 279 -1 120 280 -1 155 280 -1 159 280 -1 163 280 -1 126 282 -1 117 284 -1 130 285 -1 215 286 394 121 287 -1 117 288 -1 231 289 145 218 290 -1 227 290 -1 222 291 79 231 293 -1 235 293 -1
15 0.29820048778451497 0.0197976115915353 -0.65370129098319529 0.6952403511212879 2.2400282923364769 4.196086516573228 3.3685692509533842 1 0014.png
182 120 371 186 120 284 193 121 347 176 122 313 197 123 347 172 124 314 201 125 -1 168 126 314 167 130 351 167 134 351 217 138 352 234 139 279 207 140 414 240 140 249 244 141 -1 248 144 278 252 146 -1 256 148 396 162 151 353 194 151 354 259 152 276 161 155 350 187 155 355 191 155 -1 184 160 456 267 160 311 235 161 -1 231 162 457 194 163 255 179 164 -1 183 164 331 175 165 294 235 165 357 271 165 -1 194 167 -1 207 168 -1 274 169 397 287 170 310 285 174 -1 289 174 321 192 175 -1 174 176 335 287 178 -1 292 178 360 293 185 369 196 187 -1 172 189 387 264 190 99 197 191 361 293 192 -1 160 194 458 156 195 -1 198 195 -1 153 199 -1 198 199 -1 291 199 348 235 200 -1 239 200 -1 148 203 -1 260 203 34 276 203 36 290 203 362 256 204 34 272 204 467 237 205 363 267 206 -1 144 207 -1 208 207 -1 198 208 -1 142 211 -1 249 214 -1 241 215 -1 199 216 -1 137 218 -1 255 218 98 241 219 320 168 220 -1 263 221 364 135 224 -1 264 225 286 134 228 -1 263 229 370 133 232 -1 262 233 468 233 236 -1 188 237 -1 255 237 -1 132 238 -1 229 239 -1 143 240 -1 213 240 113 233 240 -1 190 241 -1 132 242 -1 191 245 410 133 246 -1 232 247 -1 133 251 -1 199 254 -1 134 255 -1 144 255 -1 201 258 391 135 259 -1 199 262 -1 136 263 366 232 263 -1 199 266 393 210 266 -1 230 268 -1 223 270 -1 229 272 -1 196 273 -1 146 276 345 168 280 218 209 282 -1 167 284 218 144 287 412 198 287 -1 226 287 -1 167 288 53 221 290 -1 144 291 -1 177 291 413 181 291 271 186 291 -1 203 291 -1 225 291 -1 211 292 382 207 293 -1 144 296 148 158 302 52 149 304 219 150 308 219
16 0.50730202706895278 -0.014576597658568891 -0.60532419839722595 0.61320044925553308 2.9223453613432757 3.4439160254062919 2.9248716023993122 1 0015.png
213 131 249 217 131 278 221 131 278 228 131 277 208 132 249 232 132 276 236 132 323 202 133 279 240 133 -1 244 134 -1 197 135 131 257 139 397 269 139 310 273 140 321 152 141 -1 156 141 347 160 141 347 148 142 284 166 143 368 144 144 313 277 144 360 140 148 313 278 148 369 175 149 414 256 149 45 135 151 314 176 153 414 135 155 -1 135 160 351 207 160 357 247 160 -1 284 162 -1 271 164 -1 283 166 348 134 167 254 250 167 99 258 167 39 169 168 354 254 169 99 278 169 402 282 170 348 134 171 254 282 174 362 135 175 353 154 175 -1 178 175 359 207 176 -1 167 177 255 230 177 401 137 179 350 166 181 331 230 181 -1 274 181 317 139 183 350 258 183 34 159 184 294 225 184 400 144 185 257 167 185 296 229 185 403 276 187 -1 228 189 -1 175 190 -1 191 190 -1 276 191 -1 227 194 -1 276 195 81 162 196 335 253 197 98 264 199 364 226 200 363 276 200 285 176 203 361 239 206 -1 231 207 -1 275 207 -1 235 208 -1 271 208 370 275 211 -1 231 212 -1 167 216 338 229 216 -1 225 223 -1 229 223 -1 270 226 293 163 227 339 243 227 299 261 229 340 161 238 -1 261 240 341 187 246 -1 191 246 304 268 247 342 161 250 -1 216 251 164 266 251 265 162 254 -1 215 255 343 261 255 411 265 255 265 189 256 344 163 258 -1 263 259 157 252 262 303 164 263 -1 218 263 -1 190 265 -1 245 266 305 167 268 -1 191 269 -1 220 269 -1 242 270 307 197 271 -1 209 272 166 221 273 -1 172 276 366 221 280 -1 234 282 -1 223 284 -1 230 284 -1 183 286 345 211 286 -1 219 287 -1 223 288 -1 227 288 -1 188 289 -1 194 290 346 219 291 -1 205 297 -1 185 299 412 186 304 148 196 304 -1 192 305 -1 201 308 52 192 312 219 194 316 219
17 0.70967380021959037 -0.014703831777409575 -0.49196811509077271 0.50409747901271917 2.6453842559979335 2.7389820765079103 2.200406287127886 1 0016.png
225 126 310 229 126 321 233 126 321 199 133 323 195 134 276 191 136 277 184 139 278 247 139 90 180 141 249 218 142 45 249 143 153 177 145 249 173 147 279 251 147 348 171 151 279 239 151 -1 252 152 -1 253 156 -1 247 157 36 225 159 281 251 160 317 255 160 88 266 161 125 221 163 384 225 163 99 236 164 385 269 165 80 223 167 -1 246 168 34 156 169 -1 271 170 81 144 171 368 148 171 368 139 173 347 153 173 -1 157 173 414 135 176 347 130 179 284 259 180 27 263 180 27 267 180 285 271 180 286 276 180 287 223 181 -1 127 183 313 199 184 316 246 184 98 265 184 370 277 184 288 269 185 -1 126 187 314 265 188 370 279 188 289 269 189 28 126 191 326 281 193 290 277 194 -1 128 195 -1 235 195 320 239 195 100 225 199 156 229 199 156 126 200 351 208 201 -1 218 202 291 136 203 -1 151 203 255 228 203 46 284 203 292 127 204 254 136 207 -1 142 207 543 154 207 331 285 207 293 129 209 160 158 209 296 220 209 49 154 211 294 276 211 23 286 211 -1 133 212 350 158 213 296 213 213 -1 222 213 -1 255 213 340 137 214 350 142 214 257 251 215 132 170 216 297 287 216 -1 219 217 -1 223 217 298 247 218 299 251 219 -1 279 220 341 288 220 300 226 221 50 292 226 342 277 229 25 165 231 -1 293 233 265 167 235 301 226 235 262 274 237 29 295 237 157 168 239 -1 225 239 221 172 247 302 281 247 303 175 251 -1 220 254 -1 176 255 -1 206 255 -1 210 255 -1 260 255 -1 216 256 -1 180 257 304 184 257 -1 256 257 305 206 259 -1 210 259 -1 279 259 306 251 260 109 179 261 -1 255 261 137 259 261 137 209 263 343 279 263 266 251 264 307 180 265 73 255 265 273 277 267 308 273 269 267 181 270 344 273 273 268 181 274 121 270 277 269 181 278 -1 200 281 166 184 283 -1 263 283 271 220 288 392 236 288 218 216 290 -1 250 290 43 215 294 -1 214 298 -1 194 301 346 198 301 -1 227 301 -1 211 302 -1 203 303 79 207 303 122 247 304 52 231 308 148 240 310 219 236 312 309 244 312 -1 240 314 219
18 0.87211832347404727 0.00056511882586678618 -0.34023991741040693 0.35163348688952967 1.9183932161569481 2.24649446454583 1.7160745791830205 1 0017.png
207 128 123 195 129 150 200 129 369 212 129 90 182 131 310 218 131 153 222 133 124 242 140 85 248 141 80 234 142 88 252 142 80 198 143 -1 256 143 82 213 144 -1 172 147 534 213 148 36 184 150 -1 168 151 -1 167 155 248 268 155 7 213 156 -1 226 157 34 207 161 39 164 162 -1 193 162 127 241 163 27 199 164 99 203 164 99 162 166 -1 255 166 -1 279 167 274 251 168 370 295 168 3 161 170 -1 235 170 128 255 170 28 268 171 -1 298 172 -1 217 173 508 160 174 -1 233 174 98 254 174 28 258 174 -1 213 175 -1 302 176 -1 232 178 -1 175 180 -1 304 180 -1 230 183 100 218 184 154 305 184 -1 281 185 23 207 188 -1 306 188 300 240 192 -1 226 193 155 157 194 414 272 196 258 218 198 156 148 199 368 144 201 347 247 201 132 311 201 265 217 202 -1 290 202 25 141 205 -1 207 205 55 212 205 291 245 205 299 311 205 157 216 206 49 289 206 25 220 208 49 256 208 -1 139 209 -1 287 210 158 224 213 47 271 214 133 284 214 29 138 215 -1 207 217 -1 223 217 298 227 217 50 137 219 -1 265 219 -1 139 223 -1 176 223 329 160 225 255 140 227 -1 313 228 159 160 229 -1 143 231 -1 184 231 -1 165 232 256 313 232 266 147 235 118 167 236 -1 151 237 543 177 237 -1 292 237 38 229 239 -1 311 241 267 229 243 245 271 244 137 311 245 268 225 247 -1 229 247 140 263 248 109 267 248 273 271 248 273 310 249 269 175 251 301 264 252 307 268 252 273 308 253 270 304 257 -1 224 259 -1 213 261 164 302 261 271 217 263 69 212 265 70 232 265 529 184 266 304 188 266 -1 279 266 -1 207 267 -1 216 268 -1 239 268 -1 212 269 343 293 270 43 244 271 -1 183 272 73 272 273 218 184 276 -1 282 276 53 264 278 207 185 280 121 295 280 -1 203 284 166 295 284 52 223 285 120 213 287 195 273 288 147 295 288 52 224 289 120 275 292 148 296 292 -1 223 294 74 219 295 -1 279 295 65 290 296 219 223 298 76 286 298 219 212 299 -1 216 299 217 290 300 219 213 303 79 217 303 122 207 305 79 211 307 79
19 0.96861290861122762 0.012952489887150115 -0.17066407887054907 0.18026380241381837 1.0009278679595937 2.0841619748652969 1.5005138130239224 1 0018.png
224 131 80 228 131 81 247 131 -1 220 132 80 251 132 7 255 132 6 297 132 83 216 133 85 287 133 3 242 134 84 280 134 -1 293 134 1 237 135 -1 297 136 -1 301 137 86 183 138 -1 187 138 -1 191 138 124 195 138 -1 199 138 87 208 138 125 179 139 89 203 139 88 171 140 -1 175 140 90 263 141 572 168 144 -1 248 144 -1 306 144 2 164 146 92 274 148 16 309 148 4 261 151 19 175 152 612 298 152 11 311 152 5 155 153 94 293 153 12 288 155 17 152 157 310 208 157 31 156 158 -1 201 159 34 212 159 27 287 159 18 317 159 91 152 161 -1 182 161 36 265 161 23 232 162 28 276 162 22 303 162 15 162 163 42 308 163 10 183 165 -1 303 166 -1 289 167 20 153 168 97 184 169 39 210 169 96 282 170 24 327 172 9 210 173 98 306 173 -1 282 174 25 160 175 45 179 176 99 175 178 -1 194 180 -1 335 180 13 170 181 127 280 181 158 264 183 35 339 183 212 162 184 -1 166 184 -1 343 184 101 170 185 -1 281 185 29 262 187 -1 163 188 104 283 189 -1 192 191 154 238 191 37 352 191 102 287 192 -1 214 195 156 300 196 32 355 196 103 215 199 46 342 200 21 352 200 105 356 200 106 269 201 -1 231 202 44 216 203 49 316 203 213 166 204 -1 269 205 41 312 205 33 223 207 51 232 207 47 351 208 107 200 210 55 339 210 26 298 211 38 234 212 50 169 218 110 269 221 48 200 223 -1 335 223 -1 168 224 -1 271 227 -1 164 228 -1 266 231 -1 270 231 -1 274 231 273 173 232 -1 189 232 135 169 234 112 329 234 40 165 235 -1 266 235 -1 270 235 109 239 236 245 274 236 273 328 238 43 164 239 -1 168 239 -1 239 240 245 166 243 117 240 244 64 172 248 118 249 250 214 182 251 119 254 252 220 314 252 53 258 253 -1 298 253 218 262 254 115 235 255 68 269 255 -1 274 255 -1 185 256 -1 278 256 149 287 256 -1 294 256 57 298 257 58 335 257 52 234 259 69 335 261 54 224 265 114 191 268 302 223 269 70 333 269 219 318 271 65 329 271 219 194 272 72 227 272 71 322 272 -1 333 273 219 213 274 -1 197 280 73 235 283 120 197 284 75 236 287 120 199 288 121 217 289 166 237 291 74 237 295 -1 232 298 -1 236 299 76 225 301 -1 229 302 217 223 305 79 227 306 79
20 0.99996237182396186 0.00118487064448922 0.005472572194084712 -0.0066258562716916981 0.20534612617045056 2.1353002785740363 1.5594686971331158 1 0019.png
272 105 86 267 106 1 279 106 173 263 107 83 283 107 2 259 108 3 287 109 4 291 111 172 295 113 5 305 119 93 291 121 175 231 122 6 223 123 7 235 123 274 239 123 274 315 124 9 291 125 10 265 126 11 261 127 12 322 127 171 214 129 -1 329 129 13 335 129 212 340 129 212 344 129 101 287 130 178 276 131 15 246 132 16 256 133 17 359 133 102 298 135 177 233 136 -1 305 136 176 367 136 573 255 137 18 199 138 82 204 138 -1 194 139 -1 233 140 19 366 140 573 370 140 106 256 141 -1 285 143 448 359 143 -1 260 144 20 347 144 21 370 144 598 270 145 -1 274 145 179 186 146 85 232 146 181 247 148 22 271 149 452 185 150 -1 233 150 23 251 150 24 181 151 -1 363 151 107 359 153 174 234 154 -1 254 154 25 178 155 87 174 156 -1 207 158 -1 254 158 25 347 158 26 169 159 -1 277 159 558 184 161 -1 237 161 -1 207 162 28 161 166 -1 193 166 -1 204 168 -1 255 169 29 300 169 213 304 169 213 156 170 -1 188 170 31 283 172 32 303 173 33 154 174 -1 187 174 34 241 174 35 206 176 -1 152 180 -1 230 182 182 345 182 -1 166 184 36 230 186 37 287 186 38 193 187 -1 173 189 39 149 190 -1 286 190 -1 343 190 40 195 192 184 262 192 -1 149 194 442 153 194 42 344 194 43 199 195 100 232 196 183 203 197 185 152 198 189 346 198 43 232 200 44 156 203 45 210 203 46 169 204 592 231 204 47 265 204 48 214 207 49 233 208 50 218 209 51 355 210 -1 359 215 52 257 216 -1 335 216 53 360 219 54 203 220 55 182 223 -1 316 224 218 362 224 -1 314 228 57 318 228 58 250 230 245 246 231 245 362 232 219 250 234 245 303 235 116 334 235 147 358 235 -1 362 236 -1 214 237 -1 253 238 64 288 238 149 293 238 186 346 238 65 268 239 214 272 239 214 276 239 220 280 239 -1 284 239 -1 252 250 68 281 250 -1 199 251 211 200 255 -1 269 255 -1 251 258 69 202 259 244 203 263 -1 263 263 -1 267 263 -1 271 263 -1 206 268 443 242 269 70 233 270 114 237 270 193 228 271 -1 224 273 -1 244 273 71 212 277 72 294 277 -1 214 285 595 254 288 74 215 289 75 255 292 243 254 296 76 248 297 217 230 300 394 250 301 122 245 302 217 239 304 382 244 306 79
21 0.96345491758619439 0.011982256844384672 0.17861136469140806 -0.19927124153516862 -0.34484046049646983 2.7438311439185608 1.9978813096020538 1 0020.png
336 72 -1 312 75 -1 316 75 102 308 76 101 332 76 573 336 76 106 335 80 372 297 81 212 336 84 598 294 85 212 286 87 13 290 87 -1 266 88 374 270 88 -1 281 88 171 335 88 223 251 89 197 255 89 -1 238 90 601 242 90 172 231 91 2 223 92 -1 227 92 173 332 92 -1 311 93 21 219 94 224 331 96 174 216 98 1 213 102 610 238 105 175 321 105 26 322 109 26 207 113 226 251 114 176 247 115 177 235 119 178 328 120 -1 203 124 375 199 128 572 335 131 225 193 133 230 216 133 585 217 139 -1 290 142 229 186 143 -1 215 143 -1 219 144 179 209 145 -1 236 145 -1 286 145 -1 290 146 -1 294 146 -1 337 147 -1 237 149 231 254 150 -1 290 150 -1 294 150 203 325 150 40 258 151 213 262 151 213 192 153 -1 286 153 202 290 154 -1 294 154 204 327 154 43 179 155 -1 332 155 43 201 156 181 328 158 -1 337 158 -1 254 160 -1 262 160 -1 341 161 -1 242 163 32 175 164 -1 213 164 25 173 168 -1 220 169 -1 351 171 52 171 172 -1 180 175 -1 327 175 376 207 176 232 251 176 38 356 178 -1 168 179 -1 211 181 35 186 183 28 190 184 -1 359 184 219 211 185 182 167 186 -1 359 188 219 213 189 -1 169 190 235 356 192 -1 360 192 -1 364 192 -1 173 193 31 231 193 41 360 196 -1 352 198 -1 161 199 -1 311 199 218 315 199 58 347 200 65 319 201 -1 343 201 -1 180 202 128 217 202 183 333 202 147 337 202 -1 314 203 57 160 204 -1 160 208 236 191 209 184 219 209 -1 195 210 100 199 211 185 160 212 238 220 213 432 306 213 116 160 216 238 224 216 -1 180 217 206 296 217 186 230 219 431 158 220 -1 162 220 42 285 222 220 166 223 239 158 224 442 162 224 -1 248 225 -1 209 227 55 165 228 189 173 228 45 169 229 45 250 229 245 258 229 64 263 229 237 267 230 163 199 232 191 203 235 377 205 239 210 266 245 68 264 253 69 263 257 -1 218 259 379 263 261 378 219 263 244 221 267 244 255 270 193 247 271 114 251 271 193 259 271 71 225 272 443 230 278 441 267 284 74 256 288 195 268 288 -1 234 290 488 264 291 -1 268 292 76 264 295 380 260 298 217 265 300 122 245 301 381 256 301 382 261 302 79
22 0.86882729227315192 0.010804881931244245 0.32235839043497833 -0.37564272766010665 -0.50434576921760377 3.3709015585249174 2.513846959271826 1 0021.png
240 42 -1 236 46 573 240 46 106 232 48 -1 244 48 372 240 50 -1 250 54 223 226 56 102 252 58 -1 221 65 -1 258 71 -1 217 75 212 232 75 21 261 75 -1 215 79 383 272 80 373 241 83 -1 241 87 417 284 87 253 288 89 418 200 93 374 292 93 419 196 96 -1 192 98 197 187 102 -1 300 103 -1 183 104 172 303 108 -1 172 111 -1 306 113 -1 167 115 -1 171 115 224 307 117 -1 168 119 1 240 121 -1 225 122 -1 229 122 -1 310 124 -1 221 125 -1 247 125 -1 267 125 40 282 125 420 166 126 -1 263 127 -1 311 128 -1 267 129 40 271 129 -1 166 130 -1 263 131 -1 311 132 -1 267 133 -1 272 133 -1 303 138 -1 166 139 -1 312 139 -1 166 143 -1 256 143 -1 312 143 -1 231 144 -1 167 147 375 313 147 -1 167 151 -1 312 151 -1 180 155 -1 309 156 -1 165 157 -1 277 157 376 184 158 -1 214 159 -1 304 159 -1 308 160 -1 164 161 -1 200 162 213 186 163 231 308 164 -1 200 166 -1 204 169 -1 293 175 -1 307 175 -1 166 177 423 195 177 32 289 178 -1 273 179 532 162 187 424 206 187 38 300 188 -1 162 191 -1 187 192 232 189 196 -1 163 198 425 218 199 -1 189 200 35 287 202 476 168 204 -1 281 205 -1 181 206 -1 285 206 -1 169 208 483 279 209 -1 170 212 430 291 212 -1 292 216 -1 172 217 434 176 220 435 203 220 -1 292 220 514 176 224 486 199 224 -1 203 224 -1 207 224 428 242 224 517 246 224 245 253 224 64 293 224 -1 227 226 -1 202 228 -1 206 228 -1 212 228 -1 242 228 -1 292 228 -1 216 229 -1 197 230 -1 226 230 -1 230 230 -1 287 230 -1 222 231 -1 291 232 -1 287 234 -1 196 235 206 210 235 240 214 236 -1 175 237 238 287 238 -1 216 240 191 184 242 239 277 242 -1 176 244 442 220 244 377 180 245 42 193 245 45 184 246 189 188 247 45 224 247 -1 275 253 -1 229 255 -1 231 259 379 270 270 530 244 274 441 276 280 440 256 291 -1 263 291 -1 273 291 380 259 295 -1 263 295 -1 275 295 122 252 298 381 262 299 382 266 300 382
23 0.71249015567318319 0.011706639776405837 0.45009401218608902 -0.53817851392282234 -0.16196564653279322 4.0641499271268513 3.1003208864310432 1 0022.png
133 85 -1 137 86 106 203 86 -1 207 86 -1 211 86 418 194 87 373 198 87 489 215 87 419 219 87 -1 224 88 490 172 90 -1 180 90 -1 231 90 -1 176 91 471 235 92 491 240 93 -1 242 97 -1 246 99 494 248 103 495 252 107 -1 256 112 496 150 113 21 154 114 -1 158 114 -1 159 118 417 260 119 -1 147 121 -1 263 124 499 214 129 -1 144 131 502 219 131 -1 267 132 501 211 133 420 215 133 -1 143 135 -1 219 135 498 223 135 472 270 137 -1 227 138 472 142 139 -1 271 141 -1 142 143 -1 162 143 -1 183 145 -1 187 145 40 234 146 -1 271 147 -1 141 148 -1 186 149 40 237 150 473 141 152 -1 272 152 -1 187 153 506 238 154 507 160 155 -1 141 156 -1 153 160 -1 238 160 474 142 163 -1 237 164 474 204 167 376 143 168 -1 236 168 509 207 171 -1 144 172 510 272 175 -1 231 176 -1 298 183 475 279 184 476 302 185 -1 218 186 532 222 186 477 284 187 426 151 189 513 144 194 -1 144 200 -1 148 200 -1 309 200 -1 144 204 -1 311 204 -1 254 209 -1 144 210 515 306 210 478 310 210 -1 146 214 -1 176 214 38 305 214 522 309 214 -1 250 216 584 246 218 237 284 218 -1 288 218 554 307 218 481 301 220 -1 297 221 524 244 222 517 164 223 521 168 225 523 172 229 -1 226 231 221 284 233 378 225 235 -1 184 238 527 223 239 -1 201 242 486 221 247 487 237 251 -1 219 253 -1 211 254 239 240 256 -1 264 256 -1 218 257 45 279 257 -1 206 258 442 210 258 189 214 258 -1 272 263 -1 276 263 -1 276 270 -1 252 271 531 277 274 440 268 281 195 252 288 488 279 289 122 257 295 -1 264 295 381 270 297 382 257 299 -1
24 0.98822949384273651 0.091600918074667928 -0.1215623349676663 -0.015308103227237569 -0.99629548624495445 4.0133602914653066 0.121298562550901 1 0023.png
160 115 1 164 115 86 171 115 444 175 115 445 155 116 83 179 116 -1 147 117 577 151 117 83 187 118 2 191 119 2 195 120 533 144 121 3 148 121 534 199 122 4 139 125 535 135 128 536 209 128 5 131 132 537 216 132 538 219 136 -1 127 137 -1 223 139 539 118 143 572 225 143 93 114 145 -1 200 146 -1 101 148 -1 230 150 578 84 158 -1 231 159 579 235 161 540 250 161 541 290 161 574 260 162 -1 264 162 -1 268 163 -1 281 163 -1 273 164 212 277 164 542 147 167 12 302 167 599 155 168 11 276 168 -1 98 170 589 151 170 -1 146 171 544 306 171 -1 142 172 17 160 172 -1 276 172 608 112 174 19 164 174 545 310 174 573 168 177 15 313 178 106 309 181 105 313 183 598 172 184 547 305 184 105 309 185 598 250 186 548 113 187 549 174 188 550 311 189 598 113 191 552 129 191 553 174 192 -1 307 192 107 287 193 580 303 193 107 126 195 -1 114 196 -1 175 196 555 125 199 -1 236 199 556 115 200 -1 171 200 -1 175 200 448 233 205 557 173 206 615 119 207 -1 123 207 -1 129 207 -1 233 209 559 170 210 558 122 211 -1 166 212 617 160 213 -1 233 213 559 286 214 560 123 215 -1 145 215 -1 149 215 619 155 215 -1 286 218 -1 133 226 -1 142 231 562 223 231 590 285 231 563 222 235 620 284 235 564 221 239 -1 284 240 587 148 244 565 152 244 -1 221 244 591 283 244 -1 170 246 624 159 247 626 229 248 -1 192 251 -1 184 254 625 204 254 -1 188 255 -1 192 255 -1 196 255 -1 200 255 -1 280 256 614 233 260 568 279 260 -1 246 262 593 280 264 -1 277 268 -1 281 268 -1 280 272 -1 279 276 -1 244 279 -1 257 280 -1 244 283 -1 271 284 569 245 287 -1 246 291 -1 254 293 -1 250 295 -1 254 297 -1 258 297 570
