# 3D point list with one line of data per point:
#   POINT3D_ID, X, Y, Z, R, G, B, ERROR, TRACK[] as (IMAGE_ID, POINT2D_IDX)
# Number of points: 505, mean track length: 3.9801980198019802
619 1.4189640937709884 -3.4581101509748069 3.0963795144894255 164 145 77 0.88883710045332065 24 92 2 71
618 2.7628503652327128 -2.8785301350235448 3.0123322298021864 122 109 60 0.35293025460641081 12 76 2 65
608 3.5816428621903245 -3.9140323865849469 3.9396875180671604 109 97 60 0.38815974952987548 24 49 2 23
607 2.6724367554976598 -4.4250010499504366 4.114852618841474 17 17 11 0.30451791740478384 13 20 2 22
604 1.9995062535412551 -4.6533334950747287 3.8048429895951879 0 0 0 0.74887515546553463 13 22 2 16
602 2.0972127732373829 -4.6711260311699725 3.9168375830799387 0 0 0 0.71670912226474304 13 18 2 14
601 2.1806399542871953 -3.8181934947371348 2.1223269719711837 0 0 0 0.077124800092011003 21 18 2 12
600 2.3390020934359401 -4.6559890714337184 4.0976442080993749 0 0 0 1.9976221167167387 13 9 2 11
597 2.5918346110103401 -2.4628309532341164 2.7375521037769808 138 127 80 0.23707747456429634 12 105 13 118
555 1.7503829443211065 -3.6507777556531882 3.2161982315089586 221 205 119 0.17897444528228879 12 40 24 72
549 1.006404019659535 -3.7056140494388741 4.3481175273460497 17 16 11 0.25941211227206884 12 46 24 61
541 3.0869879035895833 -4.0850973533647341 3.9119827483142289 32 29 18 0.045422594131308683 24 31 13 30
540 2.8947482149529478 -4.0896572131108062 4.0438505201676289 64 61 30 0.19298673055033175 24 30 13 36
539 2.8295772962493904 -4.4587842109418503 4.3347755351006461 0 0 0 1.3264184512054276 12 18 24 21
538 3.6821632767522217 -4.9428750672713004 6.8829522796661839 0 0 0 1.050632211859293 14 40 24 18
537 1.3047322943453643 -4.54548837872614 4.3934404084855725 27 26 16 0.74484392296943236 12 15 24 17
536 1.3622798425579894 -4.5877128768082525 4.2732467759946182 14 13 8 0.64684474946048154 12 12 24 15
535 1.4184186196710142 -4.6155519510229013 4.1730553778610302 13 13 9 0.45479745844699959 12 10 24 14
534 2.549179923672114 -6.3906204307884931 13.360033610280928 46 41 28 0.28544852490130412 18 14 24 12
533 2.2411002315221511 -4.6838319717861925 4.0213463387544763 0 0 0 0.64279052849814367 12 9 24 10
532 2.7066736337476214 -1.9022979593581835 3.4461731320128215 189 169 91 1.8216218656143159 9 49 22 82 10 45 11 49 9 46 10 41 23 70
531 0.65469036363343247 -1.0207645438667976 3.8529467693535921 44 45 34 0.41423165087666469 23 119 11 98
530 0.86501231437032888 -0.60197268251943781 4.3881427488443379 60 55 35 0.016108965075954849 22 146 11 94
529 0.97314341640515134 -1.2547453399100412 3.6062494103315932 63 64 52 1.8647011054757954 18 121 11 93
527 -0.26122368178011834 -3.356842556749128 4.397918837646194 19 19 12 0.18925918034861941 23 102 11 91
525 1.003209654194787 -2.3291402766939981 3.4535409122328544 97 88 66 1.2659851819606931 10 69 11 83
524 0.81122528583454423 -0.8006719104682043 5.9525855387707169 90 95 77 0.78183078899848968 23 94 11 76
523 0.84776531293924207 -3.3002413437048537 3.6236418720440726 0 0 0 1.061971197289846 23 97 11 75
522 0.80722033612430655 -0.7268194377958459 6.3701313678143494 112 121 90 1.3401098930740438 10 94 23 86 11 74
521 1.035106970558006 -3.2607381240170534 3.4891555432823171 38 38 21 0.25409887540970344 23 96 11 72
520 0.79084095093296558 -0.62203138959372728 6.6532971116269977 33 35 25 1.086368851488468 10 95 11 71
518 0.91165944593513371 -0.68815380542752425 6.710856845526985 78 81 53 0.70777244907848946 10 91 11 68
517 0.90796336397113997 -1.8386743390679281 4.894434469931336 0 0 0 0.29323927834591579 22 110 23 95
516 0.90793963299324498 -0.80747627134112254 7.113215185728138 18 19 11 0.52672385555623036 10 88 11 65
515 1.3065391236114536 -3.7291094417079371 3.3068257664111367 27 24 10 0.12595497544502701 23 81 11 64
514 1.0215720978484939 -0.9128560898504865 7.238215652146053 33 34 23 1.4093851763769294 10 87 22 105 11 62
513 1.7521208243071906 -3.7680821315968531 3.5732245795837416 39 38 28 1.6167718597557532 23 73 11 55
512 1.7063391525404088 -1.7603434779706144 5.6324612056812828 63 59 29 2.6342091528962035 10 63 11 54
511 2.1612517886964828 -1.7082584841713557 5.524342314723361 65 64 35 1.8844091766825768 10 57 11 52
510 2.2122485648227244 -3.8562614184604898 3.499727066638243 36 33 23 1.2180343813962407 23 64 11 51
509 3.0115690456078443 -1.735451165916839 3.7316651426709506 170 153 93 1.4047005295307633 23 62 11 41
508 1.831017359417684 -4.2804512882356036 7.2356710452394619 0 0 0 0.91071095177606565 12 48 18 38
507 3.1592755635793925 -1.8477763188976288 3.9166571954867813 154 143 81 0.00492783080740751 23 53 11 34
506 3.1173524316993211 -2.5761615686518184 3.4276651431902261 194 173 94 0.24649797728919925 23 52 11 33
503 0.18663229958158228 -1.2289894115007467 5.2847171979678569 0 0 0 0.17602914362297478 3 26 4 34
502 3.1313961627448239 -3.8563130433032535 3.6120448875306064 0 0 0 0.90472735052194098 23 29 11 26
501 3.3070558774924588 -1.7586884405186574 4.8784305160169312 29 28 17 0.44812844934824164 23 31 11 25
499 3.3766658992502183 -1.9329660359695509 5.0429254654248377 30 27 17 0.38865370966702728 23 27 11 22
498 3.4514824813515541 -2.177289829208501 3.7748859974507014 162 149 92 0.053058714777614119 23 35 11 21
497 3.5447383055520465 -8.1772335114548174 17.211211177634009 0 0 0 0.42926479106789839 10 20 12 21
496 3.5283875597556542 -2.1740767665023473 5.1739348566120968 30 29 18 0.81431280985715493 10 29 23 20 11 18
495 3.6739410719283341 -2.376130354100237 5.1542609652576221 15 16 8 0.26529036343380935 23 18 11 15
494 3.7923379735470024 -2.3518897396563281 4.9662946924839559 0 0 0 0.22548369451888575 23 17 11 13
493 3.8057415250614746 -2.491300137939231 4.979857382936423 0 0 0 0.031576191207211446 10 17 11 12
491 3.8501065071885305 -2.6662875673922959 5.0700993542860466 0 0 0 0.32039312313782281 23 14 11 9
490 3.8942141844010774 -2.8679050113838551 5.0246068331274083 0 0 0 1.0376923664696867 10 13 23 9 11 8
489 3.8952527236467445 -3.3192538069468545 4.7126115234603763 37 37 22 0.40418576989066113 23 6 11 3
488 0.56906344724873459 -0.77611449094780904 3.497635843630039 36 33 21 2.1651912995993401 21 161 23 122
487 0.88300103929333118 -1.8510004999283041 3.7943219052070574 72 79 55 1.4899094725168021 3 83 23 105
486 -0.86941176799680331 -3.2332487845391498 5.1053540730773985 73 70 52 1.3298319427083829 22 106 23 104
483 1.4145641789115071 -2.7319855071027637 2.4051594978771997 0 0 0 0.44042829236285064 12 88 22 97
481 0.73731720476941209 -0.60237701147238809 6.3712065690706767 43 44 34 0.79582946799470966 10 98 23 92 11 77
478 0.92347727054872819 -0.74886749972097522 6.4509489645623797 94 97 72 0.90915655926032823 10 90 23 82
477 2.7563870172788594 -1.8140747878016452 3.4369251526000961 193 185 106 1.5681565754461562 10 43 23 71 11 47 11 50
476 1.8924996879040983 -1.4519771994698336 5.5896664835312642 31 29 18 0.34290111803579165 22 92 23 68
475 1.3258376535181111 -1.2703751806988521 6.9469875229566309 33 33 19 0.68996312635911983 10 77 23 67 11 56
474 3.1007746928677022 -1.7588643552786958 3.7677007841916819 153 137 78 1.5550355622692085 10 37 23 59 11 37 23 57
473 3.2868848711711607 -1.8343685562896901 3.8039819068109644 200 183 101 1.3893765364546662 10 32 23 49 11 31
472 3.4062100739420891 -2.1358052794111577 3.8906770171175733 225 206 122 1.7624547338555514 10 25 23 38 11 23 23 36
471 3.7837145505922329 -3.7325585010881444 4.4898205036539061 58 57 33 0.41243344157433554 10 4 23 13 11 10
470 2.0630457997403724 -2.5463872904491041 3.0926684288211388 73 67 42 0.67564117409322522 3 106 12 100 1 111
469 2.9205929355570652 -1.7344246119361726 3.3040939149349988 85 76 35 0.16112938037515526 3 109 1 104
468 0.11948227958977593 -3.4356285171398868 3.96166657174766 53 49 28 0.32559989702251768 15 83 1 96
467 -0.49358137988041723 -3.1611217351781504 4.5890170005943069 97 100 71 0.62351849611515986 15 63 1 69
465 1.1362093127864799 -3.1315796317126354 3.0488423941003044 0 0 0 0.083800310002730777 5 84 14 64
464 1.2183307562704262 -1.2962769658038451 4.4194352400640753 148 134 72 0.04542912430971853 3 68 1 51
463 0.38622299620143069 -0.3433146315645525 4.3364394644403736 207 205 152 0.55263332857209169 3 47 1 42
462 1.4329383383464802 -2.3013233109203273 5.2868885986184484 138 125 66 1.3330801297268224 14 51 1 41
461 1.5022331861472098 -1.6460424505087761 5.5216262818323072 22 21 15 0.27653236828042571 3 46 1 33
460 2.2773556224602967 -3.8616261022656495 6.8912551045863299 41 39 26 1.0250939888794175 14 31 1 29
459 1.575977708182168 -1.5633245947363783 5.5697949303232273 0 0 0 0.79504068051066379 3 45 1 24
458 2.3008571084085476 -2.5734525189253814 6.1735950250856613 0 0 0 0.60628462041314757 15 50 1 23
457 0.0099041653497031062 -2.6340747327643701 6.0613689904487211 147 157 123 1.8290367647012657 15 27 1 21
456 0.80644814370186313 -1.5127113475236103 6.3244130621164345 148 140 92 1.4267298854164407 3 17 1 15 15 24
455 0.38772641553289361 -0.86293459572519149 6.5740302722036166 144 159 117 0.59334503306724218 3 5 1 6
452 1.7739937962662431 -3.5840688885477978 3.9858946905131081 171 150 82 1.7603835032967978 20 52 12 54
449 1.5309163196505848 -3.6445845861523924 4.0713501494030089 207 179 100 0.61469672628371086 8 30 12 49
448 1.7699193403289573 -3.5934062222745742 3.2727567929898647 220 198 122 1.3529637029217854 20 42 12 42 24 77
445 1.9885631513302313 -4.7765884071896672 4.1761369418617962 39 39 24 1.7158970216650911 12 5 24 3
444 1.9231896061145328 -4.7615054855024983 4.1166410164450804 0 0 0 1.9647141503989136 8 3 12 3 24 2
443 0.27923360891314891 -0.98013120959295419 4.2274684352814784 71 79 62 2.0620323941596559 9 107 10 109 20 155 21 156 8 114
442 -1.1165672270303877 -2.7361535012848393 4.8059118891789385 27 27 21 0.97544063626553423 20 98 21 131 10 104 9 86 22 136 23 113 11 107
441 0.37747035087020436 -0.89527159324037453 4.1331066350341441 28 28 24 2.1013929781552143 9 109 21 157 22 147 10 110
440 1.2068099335598739 -0.48582992136187514 3.6747232315006069 60 59 26 1.2685858292700258 9 108 22 148 10 108 23 120
439 0.31149830037061566 -1.1289450956695293 4.2826266623413991 72 83 62 1.0372866740687949 9 105 10 107
437 1.2036375845627574 -0.63180509825915854 4.0876754328060327 45 43 26 0.26428741943857403 9 106 10 102
436 -0.021712743831960896 -1.6507742092770692 4.9377461919868173 65 68 57 1.4397745671939552 9 100 10 100
435 -0.65125542985651907 -3.332332791440463 5.0135207342697381 34 36 24 1.2817229003456314 22 103 10 84 11 95
434 -0.3278138031345284 -3.3101516509280016 4.5533216984705156 61 60 41 0.37701177420061682 22 102 10 82
432 0.52348370168695446 -2.3404334322858182 5.2670159072003786 126 142 105 0.7782431988514702 21 120 10 80
431 0.96014434447280195 -2.0779329933830963 4.1331535589817587 115 127 92 1.8282866924726915 9 72 10 79 21 126 8 88 9 74
430 -0.29943802153508792 -3.4647349234667946 4.5969539697563748 48 47 32 0.21562926913606695 22 99 10 78
429 1.322454111805599 -1.3225847839686611 6.697214191293841 75 73 50 1.2522417231332006 9 96 10 76 11 57
428 0.82456879298517272 -2.2991473329581869 3.9529203613852149 146 146 88 1.9040141894989375 9 65 22 109 10 75 11 84
426 1.3445772015232893 -1.4541886708460015 6.4104751643749367 28 29 18 1.600849901045611 9 94 10 73 11 58 23 72
425 -0.15448099941158117 -3.8838046003594178 4.6245390608243548 42 41 27 0.75061545337615876 22 89 10 64
424 0.28616298414433322 -3.9582830398767257 4.3085262396226618 50 47 31 0.2721618669648514 22 83 10 58
423 0.87404420116690384 -3.8035060858422156 3.889172199755409 89 86 52 0.91598497037302828 22 79 10 53
420 3.3615839712175428 -2.4974607565796618 4.0177920145287471 105 93 40 1.9656256035961082 22 41 23 32 11 20
419 3.9227907210389272 -2.94433141126648 4.7985512630921159 16 16 10 1.2996177592639906 22 21 10 12 11 4 23 7
418 3.9359961463991882 -3.0651892225273274 4.785647419430008 0 0 0 0.59534132438143073 22 19 10 11 11 2 23 4
417 3.4503952462116279 -3.4886996105237627 3.7060364197366784 132 118 71 0.59452327040128927 9 10 22 17 10 9 23 24 11 19
416 0.29967944541023184 -0.35719353567386231 4.2433658638934642 226 238 215 0.41791038546015863 4 59 3 49
415 0.36778039637295523 -0.71584049287159535 5.1819816149210718 173 185 135 0.5885925733908145 4 46 3 21
414 0.17212446056881064 -1.8015968950953833 6.5376303461077914 37 40 32 1.6973272118959737 6 58 4 21 16 26 3 8 17 35 16 23 5 32 15 12 18 56 1 12
413 3.0519887787668618 -2.7460972251703519 3.2635857288196775 67 59 37 0.40376042360378372 4 123 15 122 3 114
412 3.4712441194013355 -1.8846857951631706 3.7493258889309997 32 29 18 0.58497047602425079 15 116 16 129 3 105
411 1.2954338510355152 -3.1206681534071352 3.2731594906974202 116 103 77 1.9117865342734821 4 97 16 98 3 98 1 108
410 1.9065389860720978 -2.6113220738285219 4.3797823848339057 248 246 152 1.8780898662467851 15 94 3 84
409 0.74434597970017113 -2.4508152561001082 4.1710760658278794 188 191 149 0.67893026674722345 4 75 3 75
408 1.8102940010214614 -2.7303620380398455 5.4586343412596943 118 105 55 2.8406869710880684 14 48 3 62
407 0.29317545254490474 -0.76125496006640714 4.2915733795765432 248 253 247 3.2005619327334314 4 62 3 50
405 0.46243997557711675 -0.32028633550219049 4.3299964176915644 228 222 144 0.29822672888188451 4 64 3 48 1 44
403 0.1211529859255447 -2.4361473042093622 5.0660399563797922 143 160 122 1.3738563904198622 16 59 3 43
402 -0.93535903456010727 -2.623745909480943 4.4916964472242693 167 186 135 0.1839897773700655 16 39 3 42
401 0.012590102974914238 -2.5886345530307824 5.2084711688970424 112 131 103 1.8840879305648472 16 48 3 40
400 0.068509120659873371 -2.1133999872442524 5.0830142240852938 152 175 136 2.3809742769061768 4 38 16 56 3 39
399 -0.023036851439291406 -1.9123139760603456 5.0290645318958882 129 150 112 1.1067974622197418 4 35 3 37
398 0.3834920767035272 -1.4171510052990439 5.5101300001349678 192 206 158 0.026997325131100057 4 37 3 25
397 -0.92432000269896775 -3.2718088819718565 5.5217621189109618 85 92 74 1.7457359291666261 15 36 16 11 3 23 1 45
396 -0.72257065688964217 -2.7382385743696784 6.0897705203977006 42 47 36 1.1988608447765223 15 17 3 16
394 0.76239094818114939 -0.25233261412299812 3.7238632668095586 61 51 30 3.265386489108423 20 170 14 120
393 1.0663170437369436 -0.77630337827560947 3.9234222283750646 137 132 87 2.1533121350476971 15 106 14 98
392 3.0587783693475039 -1.9061828425385916 4.0815819313499615 141 130 88 2.0714617508958577 17 141 14 95
391 1.0792884126603672 -1.0222902380795584 4.0139282462904307 141 130 89 0.095287443434069655 15 101 14 93
387 2.8853675602350579 -4.7417473067910922 6.7482854713265601 59 63 36 0.45587356589621214 15 46 14 32
385 -0.47214172476031968 -2.7588495882651207 4.7424639116170946 199 214 163 0.15106195140399603 17 25 14 22
384 -0.23645504378492005 -2.7940752733348457 5.2254713870178682 180 173 108 1.7763825713942081 17 23 14 19
383 2.826316636064611 -5.8397394088359054 7.025724366723419 0 0 0 1.0548057117684071 22 14 14 17
382 0.86996606315430802 -0.39216259159764805 3.3745724779139126 125 110 69 1.6909359254586045 9 115 15 127 22 156 20 173 21 168 22 157 10 115 23 126 11 109
381 0.71887428829660327 -0.53311387837397706 3.3800307491830668 93 82 52 1.9532884175582517 21 167 22 155 10 116 23 125 11 108 11 110
380 1.0678085681586025 -0.39940282461940818 3.5681169770455825 119 107 55 1.0480405001209754 21 164 22 151
379 0.20688569630417725 -1.3401653035746741 4.456132439286268 55 59 48 1.7943909196159287 21 148 22 145
378 1.1450318803260147 -0.81234285185364752 4.8906298955310845 60 54 28 1.0870243743291184 21 149 23 100
377 -0.17840554803624192 -1.9168838907599031 5.1797364213132298 30 34 25 1.2795657088411854 21 143 22 137
376 3.017425139466861 -2.1536941836042889 3.3775038447248207 224 193 112 1.3316333348964833 9 36 21 81 22 66 10 33 23 60 11 39
375 1.2362421284020739 -4.4158379971217654 4.2762767626702169 97 101 67 0.9913495484016247 21 37 22 59 9 24
374 2.7980139410202507 -4.3724199503792551 4.0976939211610999 46 43 25 1.2941531783882458 21 12 22 20 10 14
373 3.8756102125282608 -3.4097131416283797 4.6361551007203303 11 10 7 1.3492330253237224 22 15 10 7 23 5 11 6 11 7
372 4.0408557703292622 -3.8138166975037606 3.6173991928679405 67 64 34 1.1319545264209612 21 6 22 4 13 5
371 3.3658297605150431 -10.76065378798403 12.451555953190359 0 0 0 2.1593270147599983 8 2 15 0
370 0.095589222669823323 -3.2319637974226874 4.0794223800722929 128 125 66 1.9971189245867136 15 81 17 47 7 27 6 24 18 31 17 51 16 77
369 -1.1682695014806581 -3.101102397432697 4.8641472569206767 43 39 26 1.8191611890209782 18 2 5 4 4 18 15 44 4 13 16 22 14 5 3 35
368 0.081492164644386453 -1.5775058816979659 6.7268186600361553 11 12 9 1.5551610462146002 18 59 17 31 4 11 17 32 4 15 16 18 3 6 1 10
366 3.5313849824017729 -2.0289760148273785 4.5330687467597874 12 11 7 1.5391084266471882 16 115 15 104 3 96
364 -0.15284377157450285 -2.6891252518301356 4.2632566186239576 85 89 60 0.09169936862946515 16 69 15 77
363 0.11111391608308284 -1.7648737798815217 4.7790626531613496 209 229 190 1.6680612644547903 16 70 15 64
362 -0.92918953895345591 -2.6206923147388443 4.3811139584193635 119 123 96 1.5546348070502827 16 42 15 61
361 0.52521552827271334 -0.83118855672703384 5.3028431071576909 237 224 142 0.2428450177237057 16 72 15 48
360 -1.233594021666895 -3.1029063885957004 5.0054052400299422 67 69 51 0.28040584658860152 16 20 15 43
359 0.48938969222965772 -1.5939121496996338 5.9756387791357568 242 251 200 1.2936720930093495 16 45 3 20
357 -0.2374137342653754 -1.7439989946505483 5.6698650774812789 180 201 160 0.21744242569034822 16 29 15 32
355 0.63561459968070055 -1.4472763593816445 6.3388344046562546 235 242 210 0.045045939603019371 4 30 15 22
354 0.5123971578930453 -1.5559052628660206 6.3499190065358562 221 237 197 1.7879369114258949 16 37 15 19 3 14 1 16
353 0.95523761873227886 -0.9286729690938158 6.5546302677191219 107 105 80 2.0745574477458644 4 32 16 43 15 18 3 10
352 -0.026317737084510059 -2.3180204670883024 6.6840440383318507 0 0 0 0.97214289402803611 4 16 15 10
351 0.66111734795425359 -0.91725151011031292 6.8210273497125566 50 51 42 1.7317483169262371 5 54 17 62 4 24 16 28 4 22 15 8 15 9
350 1.0000160313224489 -0.91851462185573229 6.4558285858343272 5 6 5 2.2989238117255648 5 64 4 36 16 53 6 100 17 85 5 67 17 80 16 49 15 21 3 13 4 41
348 -0.99964205190617739 -2.7887296169864988 4.4656274884960929 142 140 97 1.2018770953180631 17 13 16 33 4 23 16 40 15 55 3 44 1 64
347 0.15603360794277243 -1.4264584497110073 6.9163987639529552 23 25 19 2.1557312594820455 6 65 5 34 17 33 18 60 4 10 16 15 16 16 5 35 17 36 15 2 15 4 3 3 1 7
346 1.1372562510370612 -0.23348989312576773 3.6875100956934452 151 126 89 0.68879531949709216 17 147 16 126
345 3.4658585659119261 -2.1101022594259073 4.0659549115965188 34 35 23 1.1025355636507479 4 120 16 120 15 112 3 101 1 83
344 0.84840385027274112 -0.44088040608785523 4.2563242046910528 123 111 71 0.099944684153622926 17 133 16 100
343 0.78787876694413927 -0.93384895399110146 3.92808749016615 223 240 215 2.1988440333086174 17 126 18 128 16 97
342 1.2734203992663393 -3.7431296825633793 3.305125586992455 25 30 21 1.165406223023516 4 92 17 97 16 92
341 1.1257671630685988 -3.5238442302958082 3.600453502602448 95 102 76 0.70314264799404613 17 94 16 89
340 0.26410888865985821 -2.3615919247657811 3.8051290880890849 98 106 70 1.7658144694952131 17 84 16 87
339 2.3498970397071295 -1.9802449226773482 5.6972532162954153 14 13 8 0.3361730783544612 4 82 16 85
338 2.1565774333733692 -2.2656063118155885 5.889570288645797 13 12 9 1.6745561965752263 4 77 16 80
335 1.305253094633968 -1.639393105621995 6.0881083797750168 41 36 29 1.3350525833947207 4 54 16 67 15 41 3 29 1 18
332 0.59560973493359992 -0.65240068058101275 5.4487127876400114 0 0 0 1.6598861743399851 4 45 5 69
331 0.75208497349725267 -1.324183448475833 6.1098345066562283 175 178 137 1.7452137668652332 17 72 16 50 15 30
329 0.67417477656260461 -1.4637714576497902 5.7254185312860901 0 0 0 0.22787571541695192 6 75 18 86
326 0.41146807190997231 -0.94208095940280545 6.7951546804109357 0 0 0 0.64133819002334347 5 48 17 54
323 -0.86346791104523135 -2.7502426025725004 5.9048893900737633 24 25 18 0.044588230133262546 17 3 16 6
322 3.4821582309974368 -2.0532711153087435 4.7281547396773966 0 0 0 2.054679906357169 5 128 4 114
321 -1.2370234506971753 -2.9865449381738802 5.1166205932270659 43 44 30 1.7699822620292012 5 2 17 1 4 2 6 0 5 3 17 2 16 13 15 39 14 1 14 2 3 28
320 0.27936045759744943 -2.5843704032468384 4.565250751951698 214 228 166 1.9583861742202964 5 43 17 58 4 52 5 41 15 75
319 0.42850190652502346 -2.409234968121253 4.8212799131308692 144 154 129 0.89088110428378409 5 49 4 51 3 55
317 -0.60226594237945974 -2.9141347514741729 4.4391008274339914 126 129 83 1.1190330166011415 17 20 4 33 16 52
316 -0.0093242760871324604 -2.0585173678726685 5.289915926978547 200 227 182 1.2458356905078884 17 45 4 31 3 32
314 0.61624544285837801 -1.1501319704668393 7.1005705533754533 23 20 13 1.9414218439271875 17 50 4 19 16 25 15 5 15 7 3 4
313 0.41031418553193094 -1.1384493957368673 7.0376347514449584 25 25 17 2.177427076341814 17 44 4 17 16 21 5 42 15 3 4 14 16 19 3 0
311 -0.87921020651305259 -2.6455484124161233 5.6329663536527965 47 50 38 0.34985352030907152 5 7 4 5 15 25 3 19
310 -1.2290177136000142 -2.8733240604373065 5.2164245414067612 72 70 54 1.8258747759340557 19 39 7 34 6 7 5 1 17 0 6 3 18 4 4 1 16 12 15 37 14 0 3 22 3 24 4 0 1 47
309 3.6086854294628599 -1.7981774103795016 3.3758140467933972 39 35 21 0.63605389232238285 5 137 17 156
308 2.3028889173529801 -3.1082962837557515 3.063207134861814 21 20 11 0.99702396881105271 5 115 17 131
307 1.220337067178161 -1.8846296126903352 3.3498508325156724 119 116 76 1.7939366363595652 18 112 17 128 16 111
306 2.0331415494062441 -3.1578262359940199 3.1175892745915412 44 41 24 1.1965606760859224 5 109 17 121 4 111
305 1.1149778620748452 -2.0200413806476383 3.3765071021029129 161 165 125 0.37898511223183529 17 118 16 107
304 0.69980281892771434 -0.5755506333752356 4.4178153863605631 139 148 113 1.96839338662177 18 122 17 116 16 91
303 1.7994760699428958 -3.4000052415079276 3.2901162594967523 51 45 27 2.1339301296349125 5 93 17 108 4 108 16 103 3 103 1 107
302 0.55300158604226868 -0.60660265650738765 4.6768592552310899 79 83 65 1.4783975829866547 19 152 17 107
301 0.67427468337329965 -0.79619577996347468 5.0564919144296159 102 108 87 0.58033016823173145 18 111 17 101
300 1.332650731986488 -3.9499062021532767 3.4083793304099892 50 55 36 2.1196672631015603 18 53 17 95 14 45
299 0.69671991946959522 -2.5773680942184862 4.1258106324324606 166 169 110 1.2164201329247797 5 59 18 68 17 92 4 74 16 86 3 77
298 0.70000904711424661 -2.1403464608561786 4.5067097304130455 175 186 145 1.5921240016391025 18 81 17 91
297 0.4822626443299361 -1.124506444601324 5.3443629587041777 216 233 193 1.7342910479688634 17 88 4 47 3 27
296 0.73969353919440772 -1.2624330677997619 5.9194141156408717 108 116 95 1.8412929357167671 17 81 16 58 17 75
127 -0.72816551884443348 -2.4309964427992252 4.7681443083214861 164 186 150 1.4529242646855096 19 70 6 18 18 24
126 -0.071225353647417528 -3.7171492316450006 4.3370308248886298 128 123 80 1.086832799943463 7 13 6 14 8 33 5 26 14 23
125 -0.31804964462361446 -3.610036694181145 4.4171190283438149 94 92 61 1.1021053554006157 19 20 6 10 5 20 17 22 4 48
124 -0.60992844048111983 -3.6012042623362381 4.8710161797295815 21 21 14 0.72838271240051189 19 17 6 8 18 6
123 -1.0002241693137743 -3.2590947654783546 4.8232143032712802 39 36 24 1.553596941853912 7 18 6 4 18 0 5 6 4 20 14 8
122 1.0904716187884207 -0.33455170842312887 3.4528462512792539 84 81 42 1.5101220518979399 20 171 7 131 18 157 21 166 9 113 17 152 22 154 10 113 23 123
121 0.61938589933018029 -0.32611480796361475 4.1026046305183757 55 54 41 1.5498299297967439 19 166 7 127 6 112 18 136 17 135
120 1.1568545306173796 -0.7272539175120587 3.6159771010932507 78 77 50 1.8776141826635622 19 163 7 124 6 115 18 140 18 144 19 165
119 0.82465994572422674 -0.7693131336069241 6.40995872789843 58 62 50 0.48138222669707131 19 134 7 123
118 0.41015367101837213 -0.7451795172033373 6.1038400134191866 14 16 12 1.4634402045891761 19 132 7 121 18 95
117 0.324137072978397 -0.84794802367281319 6.5948046239378106 16 16 13 0.53597831987607858 19 130 7 118
116 2.454933909405181 -1.6499978340490811 3.957744608113908 57 53 30 0.78814575282136601 20 130 21 121
115 2.4007800802019768 -1.5479021371732968 4.6608939241747587 28 26 16 2.0063263729548342 19 139 7 110 6 117 7 111 8 103 8 106
114 0.84580010570217878 -0.9908637995028946 3.8400041412934338 191 197 148 2.2932198982238221 20 157 7 101 21 153 8 112 19 151
113 0.65917821625225614 -1.0388774440933783 4.2822110383520995 185 205 158 1.4915381480594407 7 100 6 90 5 78 15 90
112 0.3630490323329425 -1.1437584601449999 6.7346332230641064 107 122 98 0.81193183407705438 19 119 7 99
110 0.11578554586522045 -1.6017227850960065 6.6064973281669017 28 33 26 0.034910983852227864 19 107 7 87
109 1.4886662574952183 -2.0589139458630497 3.5326187087685192 222 207 132 1.7326572002920992 19 123 7 78 6 84 18 107 8 78 17 122
107 3.910604334577525 -3.5874831246954959 3.6047891118352626 33 31 20 2.0868284066160578 19 102 20 57 6 109 12 58 24 67 24 69 7 65 12 57 13 37 2 25
106 4.0244094120570608 -3.8464927773902082 3.5351420840843835 66 57 38 1.5089575941357731 19 92 20 40 7 58 8 18 21 5 9 1 22 2 10 1 23 1 11 0 24 54 6 104
105 3.884286979840414 -3.7761316751180227 3.5444863065818804 68 60 34 1.6999576023088216 19 91 7 57 12 45 24 55 24 58 2 5
104 -0.71384783753250891 -2.2734426839999093 5.3427878938011863 35 41 32 1.7654647135131161 19 80 7 53 6 26
103 3.831972756321965 -3.9145487950306608 3.5300972412402234 65 58 40 1.0935449329783575 19 88 7 52 6 98
102 3.7365681957848644 -3.990528956736723 3.5704995129755672 23 19 13 1.3726391152040303 19 84 20 29 7 49 21 2 9 2 22 7 10 3 11 11
101 3.6280389001725695 -4.1781524936412096 3.8757809675058263 17 15 8 1.095243338944611 20 24 19 76 21 3 8 11 2 3 13 1
100 0.1491619517613153 -2.65856150459941 4.3965659558189047 172 182 127 1.9353549331368005 20 101 7 44 6 33 18 48 21 117 8 68 9 69 10 85 17 59
99 -0.49509320557605502 -2.6730356436753113 4.9523848881118155 161 172 131 2.0198521188784428 19 66 7 41 6 19 18 26 18 27 5 15 17 24 8 73 4 26 16 38 15 47 16 35 3 38
98 0.082147120805814419 -2.928779858419384 4.4676393565991397 158 166 106 2.2611433619115138 19 62 7 40 18 40 5 33 17 46 4 50 16 68 15 74 3 63
97 -1.1099345657517492 -2.6542141212015999 5.2766945505382763 68 67 46 1.723934659101152 19 57 7 38 8 79
96 -0.02090678481271048 -2.9579527743137604 4.4520292300112976 151 152 95 1.2121940909582314 19 59 7 37 8 57
94 -1.2317443262285952 -2.9560489140139721 5.2544888648535482 0 0 0 0.77996180813947191 19 36 7 31
93 2.6831287000775959 -4.3769869499466445 3.9931402850224464 48 49 31 2.291879831057952 20 9 12 16 24 23 13 23 7 30
92 -1.0615602035191147 -3.2489434194265301 5.3261379465545255 71 79 52 0.10398786151571086 19 29 7 23
91 2.1434274673086957 -4.1719518803880087 3.5566333779927199 45 45 29 0.52423568624258632 19 45 7 20
90 -0.89753909602758475 -3.3272950662670477 4.8089797537200498 37 33 20 2.1176085151273623 19 24 7 19 6 5 18 3 5 8 17 7 14 10
89 -0.81102582445929305 -3.5189048633711932 5.1000125353758499 38 37 19 0.45178080737124088 19 21 7 17
88 -0.31614763646147742 -3.5935661999973871 4.6554069544018812 43 38 24 1.684327469083333 19 22 7 15 6 12 18 9 8 39 5 18 17 21 4 40 14 14 3 58
87 -0.38392640954408674 -3.7309952008566465 4.9786469316244402 0 0 0 0.26034555782190533 19 19 20 61 7 14
86 1.8002086740481378 -4.7104590459927991 3.9948188262835931 21 21 15 1.942718234276237 19 14 20 0 7 11 12 0 8 1 24 1
626 1.7424817125971623 -2.6113562698781076 4.5990519052849184 57 57 33 0.55776856502169325 24 108 2 104
85 -0.1711539760109618 -3.8916677337974805 4.6511582940847802 0 0 0 1.1386573986062221 19 7 20 49 7 9 6 9 18 7
625 2.0890003317168357 -2.5945498764678439 4.163835692054886 77 70 52 0.46564136039067672 24 111 2 101
84 0.37802601661230362 -4.0634034821477947 4.3187429332927687 20 21 16 0.30577764899268134 19 9 7 5
624 1.9036860041009913 -2.6920007186587758 4.3065716139374306 62 54 38 1.5351493395761358 12 84 24 107 2 96
83 1.6162855698381255 -4.689834134604455 4.0116303157124564 22 24 14 2.2185891337908283 19 6 20 3 7 4 8 4 12 4 24 4 24 7 12 1
623 2.3658981478558512 -2.6969768408520536 4.0248722784547137 105 111 86 1.2877637173631378 12 86 2 82
82 0.12273209068767639 -4.067861514794564 4.4991047385685627 41 39 20 1.2152998981286749 20 35 7 2 6 15 18 12
622 2.4166960483167359 -2.7730040208810189 3.8728979988749406 106 114 81 0.49485544910986612 12 79 2 79
81 -0.015992185802028477 -3.8855548425285038 4.3003795436579324 46 45 27 1.8347631687573642 19 1 7 1 6 13 5 27 17 30 16 66
621 2.747114957432145 -2.6907914080812949 2.7206647391724639 212 199 114 0.90319741628175176 12 91 13 107 2 77
80 -0.094014441419529457 -3.9281948224917933 4.4672491197788773 23 23 15 1.7127512509221363 19 0 7 0 6 11 18 8 19 3 8 28 5 22 17 26 18 10
620 2.5905462312787932 -2.9662635849629027 3.8101786121026961 0 0 0 0.3652891633947466 12 74 24 99
79 1.0081801140218494 -0.26416884499197862 3.4995781779098931 76 68 38 2.0822448458989768 20 174 19 175 7 132 7 133 19 174 6 132 6 134 18 156 18 159 8 126 21 169 17 151 14 126 18 158
617 1.6415551910789885 -3.4520049865532068 3.23913233575469 163 155 90 0.85864977708604429 13 82 24 86 2 62
76 1.1748595087982299 -0.47500512765823416 3.4735305251804514 44 41 21 1.7477364502099741 20 168 19 171 7 129 18 151 21 163 8 122
616 0.68439850363479438 -4.1331328787852932 4.5758168021057761 107 95 54 0.38674073337782539 13 63 2 60
75 0.4482260296117257 -0.47242291652171625 3.9782722456727546 59 69 53 1.24257577674318 20 166 19 164 8 124 9 114
615 1.722530678971723 -3.5029795468650353 3.2728686463166476 215 197 120 1.5098207799749286 13 76 24 79 2 58
74 1.1981394229925002 -0.61392813145437675 3.5707451741012259 15 14 8 1.1211319050605992 20 165 7 126 19 168 6 120 18 147 21 158 8 118
614 3.1776755324511612 -2.8311985379568552 3.0944273347323517 101 104 74 2.1570015640621905 12 77 24 117 2 56
73 0.58846305610899252 -0.42971732757020203 4.2638754812058597 85 100 82 1.9961856129981967 19 162 7 125 18 131 6 111 17 129
72 0.35228027509678272 -0.7103932266342361 4.0841011617242664 76 86 73 1.7372964585565127 20 162 19 157 8 117
612 0.063058382550360711 -4.2130487132643459 9.0057287531323809 0 0 0 0.29230446420939915 13 61 19 33
71 1.0921773863575017 -0.86708795451649778 3.9514597569264791 75 77 50 1.561943308568956 20 161 19 158 7 120 21 155 8 115
70 1.0371724042878732 -0.94832700319827401 4.1029969330286287 120 112 65 2.1591490540795988 20 156 19 153 18 120
610 1.9277733626390525 -2.9591030445549253 0.056497706013132643 0 0 0 0.11672806961133951 21 28 2 26
69 1.3025344626914075 -1.1658530884154334 4.231535976052947 53 50 25 1.8070704600522582 20 149 19 149 7 102 18 119 21 146 8 111
609 1.8654452770782746 -4.7577580689788768 4.1165285895499917 0 0 0 1.2279368686728303 13 24 2 24
68 1.395300472952679 -1.2757049580005382 4.4090504504659078 61 60 39 1.4451981536623044 20 144 19 140 21 145
606 4.0184279549317079 -3.6301830794530834 3.6175776654599794 78 83 63 0.68089277282203153 13 28 2 20
65 3.1732669682722978 -1.6377658408767937 3.3705454840908424 52 45 30 0.64171198159990828 20 138 19 155 7 119 6 139 18 149 21 105
605 2.6909794176088622 -4.7460981494882963 4.589911894116999 0 0 0 2.9671856034244342 12 14 2 18
64 1.3745813864735343 -1.6297424526253694 4.3584168795159908 97 93 63 1.6665269649786425 20 135 19 131 7 89 6 93 8 100 8 104 9 82 21 139 22 112 10 71
570 2.6389650202122956 -2.4524873310362141 2.7398492744108807 100 92 49 1.0189945884189602 12 106 24 135 13 119
29 1.2442944389937853 -3.0626086147027873 3.4612938898802046 221 231 181 1.697123955349622 20 74 19 78 6 53 8 36 9 43 5 83 17 103 18 78 4 90 14 58 10 55
286 -0.052167467132072279 -3.429806376788743 4.0991770109801511 116 114 69 1.4054513824821642 5 30 17 41 4 53 3 72 1 89 15 79
569 2.9200756845069202 -2.5273859392713156 2.8922796140993476 73 62 34 1.0029213196626876 12 103 24 129
28 0.27087388006698737 -3.3142783627697678 4.0876781329311287 205 204 133 2.1252449602477488 19 49 7 25 6 25 18 35 18 41 21 87 8 38 9 52 20 70 17 53
285 -0.13714989616012291 -3.2131690364342846 4.0791187888583407 121 121 72 0.93893906281523298 5 28 17 40 16 71
568 2.8969198654223223 -2.4331309949787121 4.0763105975313421 17 18 14 1.3893882622500919 12 101 24 118
27 -0.12596916672273392 -3.1130670236400215 4.1933889892354683 133 126 70 1.6923951758962743 19 43 7 29 6 21 18 25 8 46 5 29 17 38 17 39
284 0.249335224007948 -1.2292310449298156 6.9966311472323213 24 25 18 1.4639463887923294 5 37 6 68 17 37 4 9 5 38 16 17 15 1 3 1 1 3 1 0
26 3.5447463433766808 -3.4058763328129085 3.729149558502264 31 28 21 2.0394979697573157 20 65 19 104 7 68 6 105 21 31 8 27 8 32 9 11 21 30 9 14
25 1.2120726425026904 -3.307106368935286 3.4615408392847828 179 172 124 1.718513157631643 20 60 19 64 7 33 20 64 6 45 18 64 18 71 21 75 17 98
565 1.5494074067708088 -2.6760231630625939 4.5831496069913777 80 72 54 1.4253570824484498 12 82 24 103 2 105 2 106
24 1.1594619731023343 -3.4352793485709481 3.4581083939874135 155 115 83 1.2346497570952311 20 55 19 60
281 -0.52664452888301105 -2.6427607522896404 5.0156724873262597 241 254 216 1.2331915685508896 5 16 17 19
564 3.5000273883377897 -2.9685076765179863 3.5506760679995031 67 64 40 2.1190769063582438 12 75 24 100 13 57
23 0.85863306372747994 -3.5138704489578156 3.7695282301239876 129 132 90 1.4147296691814435 20 54 19 48 18 51 6 34 8 31 5 57 17 78
563 3.5196434077691743 -3.0141120470013272 3.5742098821263464 59 57 35 2.1978810653103036 12 73 24 98 13 56 2 51
22 1.1222746417772509 -3.5819048473249193 3.6937729361492972 229 233 176 0.92354319580873878 20 51 19 50
279 -0.35764926954958215 -2.3495492822393356 6.4649230610985491 51 53 41 1.6574811078984328 5 19 17 12 4 7 17 14 16 7 15 11 3 11
562 1.4582936331653642 -2.970011827129218 4.440078989514272 45 42 27 1.3481591890152533 12 72 24 96 2 91
21 3.5043868405991692 -3.7232311127094992 3.6849226850548829 45 41 26 1.3627864813384538 20 45 19 90 21 24 8 23 9 9 22 12 10 5 23 21 11 17
278 -0.62084498361620599 -2.5903558354412088 6.2347482742550664 44 47 36 1.4803143643952821 5 13 17 6 4 4 16 1 16 2 15 15
561 3.6078415842762999 -3.1285871691019955 3.7007599165777427 46 45 29 1.4597464013258732 12 69 13 51 2 46 2 42
20 1.365433312888864 -3.5926490432577443 3.5194760521860604 177 190 139 0.53740035780115369 20 44 19 56
277 -0.75062765562014067 -2.6199607535985447 6.0623032295429882 25 25 19 1.792763299142462 5 12 17 5 16 3
560 3.6896720107537688 -3.2266243272470727 3.7769478239959384 61 62 36 0.96962540253534846 12 67 24 89 13 49
19 0.98774111228657113 -3.9034259742874697 4.280007004211507 106 123 102 1.2611353157369047 20 38 19 32 7 21 12 32 24 50 13 69
276 -0.79559852927828967 -2.6756250922929454 5.9615676381333076 25 25 17 1.6347059859139068 5 10 17 4 16 5 15 20
559 2.6727569802269082 -3.357476209321415 3.6235950784245152 184 165 95 1.7458624669588558 12 64 24 88 13 59 2 50 24 83
18 1.278214809760253 -3.7536694021434753 3.5634144465246749 155 162 137 0.56284566414590198 20 34 19 44
558 1.817474532716542 -3.3770810623780818 3.8652730632802399 185 179 105 0.88271808026456244 20 67 24 84
17 1.4002375994101575 -3.9381648170601222 3.7499515724035954 162 175 128 1.5334311267993321 20 28 19 38 12 26 24 47
274 1.026292692147126 -4.3045900529162351 4.2592059526870321 28 30 22 1.7366516363129494 8 20 20 13 20 14 6 27 7 12 18 30
557 2.7081214267898877 -3.4497650096176713 3.6855831692601435 134 116 68 0.51514761674163978 12 62 24 78 13 54 2 49
16 1.2129248250217153 -4.058224791900221 4.0909266886698621 143 154 114 0.44555019636187287 20 27 19 30
273 1.4965342318585322 -2.0757698448674957 3.4134827586181271 157 147 94 2.2203447483397052 6 88 19 125 18 113 5 108 19 116 7 76 6 82 18 108 18 109 17 130
556 2.7358914550086286 -3.520740678198107 3.6782249083875218 147 127 74 0.74800572918594477 12 56 24 74 13 52 2 43
15 1.7160887748864539 -3.8794570392104637 3.5006180013957753 90 88 45 1.0027218885955029 20 26 19 51 7 26 12 27 24 53 2 48
542 3.4206749069663251 -4.0531341035273867 3.6795476374223135 18 17 11 1.0701897593738983 12 28 9 4 24 38
1 1.7641780706857271 -4.8041077396943859 4.2795591049125745 53 53 37 1.2630032293698112 20 1 19 11 7 8 21 27 9 16 22 33 12 2 24 0
258 1.3618564451797985 -3.4892036592466273 4.1512087900031895 177 194 151 0.54891788202653402 18 57 5 70
543 0.3440301223992468 -0.75669182047595118 5.8510262577360628 0 0 0 2.4927639462274582 17 71 18 97
2 2.1791512471984236 -4.7276843181947683 4.1370374870315469 16 16 10 1.8655139921227328 20 4 19 28 21 20 12 8 24 8 24 9 13 15 2 9 2 10
259 0.62681101171191178 -0.76811332384673126 4.9597194479945585 79 84 62 0.68055096119268566 6 99 5 72
544 1.4432764547656634 -3.9442021538008731 3.5445487211259756 204 184 104 0.70025940467476766 12 25 24 45
3 1.5000405805785688 -4.6619738544072611 4.1407719951941724 21 20 13 1.3473917047617789 20 5 19 8 8 8 12 7 24 11 18 32
260 0.59399056421738461 -0.87517480098968958 4.6836108674122405 197 217 173 0.86545626664120567 6 91 5 74
545 1.6554838554917137 -3.9110377336517494 3.3917818274979661 241 229 129 1.3024365769224457 12 23 24 51 2 45
4 2.3543160593721475 -4.7026376633924709 4.20832618586737 12 12 7 1.5954178005397697 20 6 19 31 24 13 12 11
261 0.62298550626843363 -0.93748373470154411 4.6266148911566267 213 232 197 0.064573873590265771 6 92 5 75
5 2.5782843485972924 -4.6219680712818496 4.3504768197424433 17 17 10 1.7343273267986916 20 8 19 35 24 16 13 17 2 17
262 1.0735950307455913 -2.0760072114764712 4.345207386048024 205 217 171 1.7599491734512109 6 69 5 79 7 77 17 102
547 1.7206601723721417 -3.789168204308095 3.2616819182067909 239 226 127 0.31357068528224841 12 31 24 57
6 1.0310415603972494 -4.6137328684556973 4.9454985259792705 21 20 11 0.15235658788458983 20 11 19 5
548 2.972640172967159 -3.7332811008239659 3.6704045888483634 147 130 73 1.6233650621060876 12 44 24 60 13 42 13 44 2 36
7 0.7079805055992604 -4.3705150488402973 4.5263105731801287 43 43 27 1.7322844299614977 20 12 19 4 7 6 7 7 6 22 18 19 8 22
265 1.4751731491608948 -3.7062157676973602 3.217562006540712 122 135 90 2.446517281719542 18 62 5 85 17 100 4 101 16 95 16 99 3 100 5 87
550 1.7668730601092171 -3.736056294473459 3.3244729981917751 242 222 131 0.59590899581536294 12 33 24 62
9 2.6840412794561881 -4.1038406014006146 3.6311191082915641 21 18 12 1.2171368707363754 20 15 19 61 7 35 6 67
266 2.303551812342957 -3.308616484704316 3.1222056120737331 68 62 37 1.4229455363532182 18 94 5 112 17 127 4 113
10 2.2644138854091072 -4.183859312711129 3.9751101835383027 58 48 24 0.80746138990998073 20 16 19 53
267 2.5216934343483088 -3.1721414581208336 3.1360490601408912 69 58 34 1.1639904383287309 18 101 5 118 17 132 4 115
552 1.006358188761947 -3.640518507156937 4.3815274797459507 0 0 0 0.045056278402031302 12 51 24 64
11 1.570563554021642 -4.0010566071223881 3.5931709717892253 140 160 108 2.0170930261229656 20 17 19 34 12 22 8 10 24 41 2 44
268 2.5886489902115595 -3.0821555291741252 3.0962147069021735 61 53 30 0.78084052153670247 18 104 5 120 17 134 4 118 3 108
553 1.2273552126090725 -3.6895747780940082 3.6816867579425683 129 120 69 0.64326785114811247 12 41 24 65
12 1.4675141970796721 -4.0001998652623376 3.6609821841996943 153 176 124 0.79791774364112877 20 18 19 37 24 39
269 2.7278375239566941 -3.0302704490920709 3.1159051271098805 42 36 17 1.1752424171914746 18 110 5 121 17 136 4 119
554 0.48247042415050262 -1.1138127130026254 6.3366679746429107 0 0 0 0.81114322425978602 11 79 23 91
13 3.1123450956493603 -4.0572520572595403 3.7060384285843218 8 8 5 1.3832625584092644 20 21 19 69 7 42 6 76 21 10 8 12 9 7 9 8
270 2.8755030485568502 -2.9867359419734463 3.1770833658904869 57 52 32 0.33551525735801646 18 114 5 122 4 121
572 1.08867555342313 -4.3675847430174084 4.4607189482179326 26 27 19 2.6631915954740264 12 17 19 25 24 22 21 38 9 26
31 -0.169496355873231 -3.2277999016218208 4.3942861320240256 140 137 79 1.5174025662087651 20 78 19 40 21 98
288 0.16694348118286789 -3.6380446306957022 4.0007080422467576 83 85 52 0.96025716486053325 5 36 17 48 4 61
573 3.984643302754864 -3.8822496669657429 3.5332378099088428 44 37 24 2.352251421240616 9 0 10 0 22 1 24 52 20 39 21 4 8 17 12 43 20 33 13 3 13 4
32 1.725137810373949 -3.0086015603502743 3.2721481764819593 147 135 68 0.86814257153663532 20 79 19 87 7 46 6 64 21 73 8 37 9 34 5 100 22 80 10 48
289 0.26405541117179365 -3.699898249945579 3.9525363273120977 76 78 47 1.7627872524895161 5 40 17 52 4 65 14 28 3 79 1 95
574 3.5973254478196761 -4.1036581196388457 3.6130262996877978 44 41 26 1.4077481660259148 24 32 13 0 12 30
33 2.080553867670655 -2.9626575056455988 3.2151425850047093 204 218 156 1.7173823854801682 20 80 19 99 7 51
290 0.37327521264137581 -3.6617240311221879 3.8322044039752541 68 79 62 1.6786772406984385 5 44 17 55 4 67
34 -0.15217589301178977 -3.21984850820454 4.752718017596421 156 151 96 1.468414014234068 20 82 19 42 18 21 5 23 17 28 4 43 16 54 15 59 15 62 3 56
291 0.38856080364767615 -2.1965338042697349 4.7419531308685965 227 248 199 1.4496194269678919 18 67 17 64
35 0.97878105547262728 -3.0029357310019464 3.6906802291469116 223 241 186 1.3025928200895001 20 83 19 72 21 86 22 91
292 0.61603024881489121 -3.6421221686743395 3.6694975106273526 72 73 50 0.2074086221650176 5 53 17 68
577 1.5880388721726977 -4.8387822018158158 4.512454874651743 0 0 0 2.4852057727975696 24 6 13 31
36 -0.67207383530073095 -2.9283661655743867 4.5487387725339401 143 137 89 1.9292517468906629 20 88 19 47 18 15 17 18 4 29 3 51 15 60 1 63 1 70
293 0.64197931196797375 -3.5897104123243895 3.642444680050994 71 71 54 2.2440869168074373 5 55 17 73 4 81 16 84 3 90 4 79
578 2.8815523279955539 -4.2490567768471292 4.2269144650491999 0 0 0 1.4034646644026609 24 27 13 33
37 0.81905462443097743 -2.8019149923778741 4.3745750146819207 187 194 141 1.7169448415223549 20 89 19 83 6 49 8 61 9 59
294 1.059211573136486 -1.4291155656264873 6.2667770557121338 88 90 70 1.7627709468998205 5 65 17 77 16 55 15 31 3 18 1 14
579 2.8689298969207941 -4.1174262921904337 4.1660773665537194 64 67 40 1.3297716186809689 24 29 13 35 2 32
38 1.7693035071122374 -2.7107797273143444 3.2536450951544622 152 141 82 0.92845247846101664 20 90 19 105 7 56 6 70 18 99 21 83 8 42 9 40 5 106 22 84 10 50 23 85 11 60
580 3.7918608840964989 -3.5777608952174971 3.9061870764944757 89 92 68 0.55771771684302263 12 59 24 68 13 39 2 33
39 -0.49556152820049332 -2.8202568419863874 4.8884255564981487 154 154 107 1.5218139988910684 20 92 19 58 7 39 6 20 5 17 18 22 4 27 16 36 3 41
40 3.2098815012021853 -2.6114052070529246 3.4843706054040475 49 44 24 1.772543451874774 20 95 19 120 21 57 9 25 22 40 10 19 22 45 23 48 11 30 23 44
582 1.2321760216955102 -1.9586000801068919 5.2017640662981979 0 0 0 2.5113927700910725 11 63 14 55
41 1.2527098350210153 -2.6138100909204964 3.6075278680738392 243 224 161 0.33275441037269893 19 98 21 99
42 -1.0333735646340381 -2.7221175474973651 4.8965655737677247 177 192 144 1.3118774827610251 20 99 19 52 21 128 9 87 10 103 22 138
584 1.0453610405294276 -1.7804861891242942 5.0522187108201546 0 0 0 0.087476908892007543 14 59 23 88
43 3.2147996825164813 -2.5058530351861359 3.4374101743634289 42 39 23 1.5540526428728236 20 100 19 126 7 83 20 105 6 114 18 129 21 64 21 66 5 131 17 144 4 124 3 110
585 1.4441505108769164 -3.8757573501242657 3.5931942392001996 125 110 62 1.5137579798110283 21 41 13 60
44 0.9090005950182074 -2.5264258043980652 4.6095870975412714 155 162 116 1.7272580710366339 20 106 19 94 8 70 8 75
45 -0.98331850184310987 -2.4800427533850669 5.1208069577688962 72 78 61 2.0744584101770678 20 107 19 65 6 16 21 137 9 91 9 92 21 136 5 5 17 9 4 8 16 24 22 139 22 141 10 105 10 106 23 111 11 101
587 3.3693258169049494 -2.9572467060543199 3.326070915474185 79 80 59 0.24718341394956711 24 102 13 67
46 0.46918284469401367 -2.4294958846412498 4.6506696195757788 179 174 103 1.9898565353961921 20 108 19 89 7 60 6 48 6 52 5 51 17 67 4 56
588 0.62588449937820034 -4.0871297156766202 4.2448787155980776 36 31 20 1.4393413700923183 12 24 13 68 2 61
47 0.993800209090973 -2.4079459902666551 4.7285125931251191 161 170 118 2.3765327992227134 20 110 19 101 7 69 6 62 18 76 8 83
589 0.81577527314545473 -3.9635096895291957 4.1168401580297154 36 33 21 0.54140826868181868 24 43 13 71
48 1.5182116769973641 -2.3494523074020162 3.7758674515191002 243 226 156 1.0180984264685256 20 111 19 108
590 2.4850900899709605 -3.1110697052241032 3.4993774351502913 214 186 104 1.4599128172049429 12 68 24 97 12 70
49 0.57177323951648673 -2.3091818426585999 4.6879911365991234 204 205 130 2.2763517209088127 20 112 19 95 7 62 6 54 18 70 18 72 8 85 9 78 17 76
591 2.4621559987518076 -2.922398113007441 3.4589479080593382 57 59 41 2.6419405109878724 24 105 13 86 2 73
50 1.0123595621573642 -2.3052744680157615 4.5697608835940811 158 171 129 1.9920598322579595 20 113 19 106 7 71 6 66 18 82 5 73 17 96
592 -1.0972789715203384 -2.7500361606909851 11.499368892287684 101 87 48 0.22092192378411959 20 109 13 87
51 0.56249320975325978 -2.2786190244628255 4.3076673175562057 199 209 134 0.39049680024505751 20 114 19 100
593 2.6398402279790378 -2.7923338724787947 3.1129674121002444 100 89 62 1.982897911257222 24 120 13 92 2 76
52 3.3970992182516193 -2.1174843306824087 3.2284726250659515 11 9 4 1.3916882448266781 20 116 19 148 7 93 6 133 6 135 18 139 18 143 21 78 8 66 9 30 5 134 17 153 4 126 16 133 15 130
53 2.9606808984288691 -2.0935361896919371 3.5061634001252857 78 68 46 1.0358512388850099 20 118 19 136 7 90 6 121 18 134 8 71 5 132 15 119
595 3.3190049775249659 7.3318461498967684 32.383489071202263 42 38 24 0.60196469366406413 20 164 13 110
54 3.376486884561972 -2.0244098364279823 3.1671170364936532 35 31 16 0.13804667717192304 20 119 19 150
596 2.5204658827732289 -2.5039782220246285 2.7995682866035794 54 45 31 0.64438507662625932 12 104 13 116
55 0.21050850814088995 -2.0715042187414285 4.6712019492579877 227 246 198 1.686451078978449 20 120 19 103 7 66 6 47 18 66 21 134 8 92 9 89 10 89
598 4.0090555030575716 -3.7233828541556271 3.571314522536702 59 62 50 2.5952015004473137 21 8 24 59 13 21 12 47 20 46 24 56 12 53 24 63 2 7 2 6 13 14
57 2.6713163048262571 -1.7903893019318211 3.8268679016944596 57 52 31 1.2597497652741376 20 124 19 146 6 123 21 112
599 3.898301094593922 -4.0067708123903936 3.6624753344685117 0 0 0 0.85525903161471217 12 34 24 40
58 2.7410440326300907 -1.8242903148980438 3.7596251999449972 64 62 41 1.3666837326841736 20 125 19 147 7 97 6 124 21 104 8 89 5 129
128 -0.082139836679261655 -2.9646586023977068 4.2609488233567925 173 184 123 0.649751484076319 7 32 6 23 18 34 8 52 21 108
130 1.0713696046707273 -4.1479572347845632 3.8564356820559729 63 67 48 1.0644528159090325 7 10 6 29 8 16 5 60
131 -0.25579885402614888 -2.196923269477653 6.4757705754749066 15 16 13 1.4297229742773543 7 73 6 42 5 21 4 12 16 10
132 0.81959124543566431 -2.8320357755202354 4.1876416418050511 190 198 137 1.9824677576927623 7 48 6 50 18 61 8 55 9 57 6 46 17 87
133 1.130302150510105 -2.816259108609211 3.6972219211519075 205 211 160 2.280371665935558 6 55 18 77 5 77 5 80 6 56 4 86
134 1.1115977844482576 -2.4363460811390283 3.4487808680842926 227 231 178 1.5966486700324334 7 55 8 62
135 0.13874565636194719 -1.439013552450445 4.7563838225272272 162 189 149 1.1413162895747242 19 118 6 60
137 1.4343026158936778 -2.1872834047063483 3.3812182851261054 204 193 130 2.1372598456620304 7 75 6 79 18 103 5 99 5 103 17 124 4 106 5 104 17 125 4 104
140 1.2350204973277858 -1.6760579857656746 4.2138460464149867 172 162 122 1.0494889137509895 7 86 6 87 18 106
141 0.39054443101747577 -0.72629398235485487 4.5689076200782255 94 103 76 1.6967372472429973 7 117 6 94
142 0.62165786456677907 -0.61242917676468966 3.4653208725288689 198 202 154 0.60699979429773299 7 122 6 110
145 0.9456205878268924 -0.32899334710351591 3.376898338750022 163 138 77 2.3279955562725245 7 130 6 128 14 123
146 2.5138010040928993 -1.5094780466706577 3.9946853031731004 28 25 16 1.0293807466514959 7 112 6 129 8 98
147 2.9778394217705921 -1.6714830031695931 3.5327425168053685 45 41 27 1.550320963306542 20 131 6 136 18 142 21 110
148 3.3768055869606002 -1.7015340515338226 3.5770926209123508 69 57 37 1.6544074631600185 6 137 5 135 18 145 17 154 4 125 16 130 15 129
149 1.9299776672645546 -1.648064057904381 3.5558442428617214 0 0 0 0.012289608569870795 19 144 20 136
150 -1.0954722954904197 -3.1767005941367503 5.1139820633915729 0 0 0 1.0166191184571653 6 1 18 1
153 -0.6913274337231643 -3.5509879224475833 4.9254864789791659 21 20 12 0.90630191327195075 6 6 18 5 5 11 17 10
154 -0.34964194652011893 -2.289127754277315 4.1185288208240074 249 252 207 0.30146052285064451 19 82 18 49
155 0.27409298456620024 -2.5288275079518927 4.4272102181355031 233 244 186 0.56295036112983532 6 41 18 55
156 0.38832294719104127 -2.4664117259012786 4.7059488943934769 242 247 194 1.9554604035218548 19 86 18 58 17 60 4 49 5 47 17 61
157 1.5135372443244262 -3.6032774175275297 3.1188624360556876 78 83 53 1.5480498151552917 6 51 18 69 5 88 17 104 16 102 3 104 1 114
158 1.2255094191944691 -3.1390131836142667 3.443790702083942 179 196 151 1.7243660576228934 19 71 18 75
159 1.8362800287716849 -3.1912219508028423 2.8965189165339815 42 39 25 1.183084567270354 6 63 18 89
160 0.65838885210725884 -0.74460812423272005 6.4149080813980541 34 36 29 0.55160113868357241 6 95 17 74
163 1.5481215524163863 -1.5720967838214917 4.6311616426659228 82 81 59 2.0901728353487656 7 95 8 102 9 83 21 141
164 0.7880428323865839 -1.0752428197630615 4.0063676938307262 211 229 187 1.5970108926690643 18 117 16 94
166 0.82525898751972859 -0.52506736448519953 3.7840687431146658 234 232 192 1.3974045478547976 19 167 18 138 17 138 8 119 16 113
171 3.0771908697599653 -4.21629150941168 4.0222054062199639 23 21 15 0.18320771217660536 20 19 21 14
172 2.3385212302259584 -4.6379155745842766 4.1770830519884399 14 14 8 1.5140320131155365 20 7 21 19 8 6 22 26
173 2.0527085660272633 -4.7320087734055747 4.1322617285555712 0 0 0 1.0069800075976489 20 2 21 22 9 13
174 3.9068864302936985 -3.5851514863900711 3.7786909730595424 52 48 27 1.5199666392459987 20 58 21 26 9 5 10 2 12 60 11 1
175 2.1082358363411684 -4.1618921818471968 3.6138688188686219 106 94 57 0.18203257541578471 20 10 21 29
176 2.2028836060559951 -3.7267938199429325 3.2183072825512156 165 161 110 1.8606828792401831 20 32 21 33 8 13 9 17
177 2.1766182755747403 -3.8234249631812807 3.4597582839816639 159 161 110 1.1795737527066696 20 30 21 34
178 1.9371566114547154 -3.8900099674395241 3.4582434419624151 122 112 52 0.27414579131780398 20 25 21 35
179 1.4993235480220846 -3.470850454379721 3.0701839906312318 207 193 116 0.6480533476951793 20 48 21 46
181 0.89139292502443346 -3.7001934526112112 4.0273277881410827 185 192 139 1.2144579183437203 20 50 21 67 8 26
182 0.82762875921269952 -2.9254596186042496 4.0201912345771946 148 154 101 1.9917874797900494 20 86 21 90 8 50 9 54 10 62
183 0.82032752231978656 -2.5433055016637036 4.0729546723372341 170 169 116 1.9917996810252272 20 102 21 109 9 62 10 70
184 0.050252283455254274 -2.7140669302622706 4.4044887179317938 140 145 86 1.1021408767855518 20 96 21 115 9 68
185 0.22245855333693976 -2.5791945501320508 4.4533168114872685 150 154 92 0.17277542410753527 20 103 21 118
186 2.2450817069161846 -1.6133151056227018 4.0367460594739342 62 61 40 0.59568852308749776 20 137 21 125
189 -1.0386341008227076 -2.5944321843971463 4.8520941344014208 111 114 85 1.4253331446074897 20 104 21 135 9 90 23 114 22 140 11 106
191 -0.27282810121128959 -2.071697488673891 5.2690518498947911 75 80 64 1.0382846786608178 21 142 9 95 22 133 10 97
193 0.96773898082861498 -0.88261028392632479 4.0768348071852625 163 152 102 1.9253227991119894 20 158 21 154 9 102 21 152 10 101 11 89
195 0.93579656956273771 -0.5872106955794949 3.6415496028230678 191 174 107 1.0149136358868533 18 141 21 159 23 121
197 2.5414349337969369 -4.6220280289153735 4.3236066128664845 36 33 22 1.580488745501178 21 16 8 9 22 23
199 0.20420415016805649 -3.9839632836543428 4.3249004636383948 0 0 0 0.31208992078775555 7 3 8 25
200 -0.0082623867035471615 -3.4248690556066301 3.9697668067841416 109 100 67 1.0697369105329186 7 16 8 35
201 -0.11760123948560569 -3.1792983760326039 4.1544981955717279 119 111 62 0.44094371293569135 7 24 8 41
202 2.576049370752584 -2.915069137442329 3.9644258817057239 241 223 132 0.35879298184690311 21 61 8 43
203 2.7088890009419222 -2.912390297123967 3.9310976209914186 226 202 111 1.4122354262379027 21 56 8 44 9 29
204 2.6984086097768656 -2.843256540461172 4.1206452338363428 233 210 115 1.2103220187643624 21 63 8 49 9 33
205 1.6047989776919194 -2.5484540513009049 3.8900637549460919 250 228 138 0.46549660308840424 7 64 8 63
206 -0.70301214027038728 -2.6399115322267566 5.3759794741098297 58 59 42 1.2532471207110967 21 124 8 84 9 85 22 128 10 93
207 2.9233322039583376 -1.7589959785363933 3.8967165906825567 76 73 43 1.7958347794563849 6 131 7 105 8 90 7 104 5 133 18 135
210 -0.18615240274052419 -1.8786649356329352 5.1240304991047196 52 57 44 1.9603449885357627 21 144 8 99 9 97
211 0.090820016673887019 -1.2995922729024485 4.3377823552977803 36 39 32 0.65432824911710796 20 146 8 110
212 3.3329268491970887 -4.0554730845488693 3.7425193442650437 30 28 19 2.2602720169817876 20 22 19 73 7 45 6 80 21 9 8 14 8 15 20 23 21 7 9 6 22 11 10 6 24 37
213 2.0883881056073865 -3.0371298720982152 3.1571353327016345 203 195 131 1.4171234266344899 20 76 19 96 7 50 6 74 21 59 8 34 20 75 21 58 9 28 22 72 10 40
214 1.8710256439920323 -1.535421544899638 4.5868994916577996 63 62 45 1.3785854005049385 20 140 8 108 20 139 19 133
217 1.0249635020359191 -0.39526204821087213 3.4670456853530149 140 126 73 1.933566606930414 20 172 19 173 21 165 8 125 20 169 7 128 6 125 18 154 8 123 9 112 10 112
218 2.6451809650466585 -1.9009971064368552 3.6717936864322578 89 83 49 1.9543823193521332 20 122 19 138 7 92 6 118 21 103 8 86 8 87 7 96 6 116 18 132 5 126 5 127 17 142 4 117 15 113 14 99 3 102 15 115 1 94
219 3.4543329971896766 -1.7818288782287861 3.243196629273978 47 40 23 2.4528086157042517 19 156 7 115 6 140 18 152 19 160 7 116 6 141 18 155 8 81 8 82 20 128 19 154 7 106 6 138 18 150 21 92 8 76 5 136 5 138 17 155 17 158 4 127 4 128 21 89 16 134 16 135 15 131 15 132 3 115 3 116
220 2.0061575261770268 -1.5283436607143612 4.5751510229629906 28 26 14 1.2627683703459909 8 105 20 141 21 129 7 107 9 76 19 135
221 1.0988203533070504 -1.9097379934575449 4.2013333695069086 113 116 92 2.0593250690949194 6 78 7 80 8 93 9 79 17 106 9 77 10 81 23 99 11 78
223 3.9922043362136277 -3.6910558134908928 3.6915981660597992 91 84 47 1.1301362551222109 21 15 9 3 22 6 12 52 2 13
224 1.8541618863118217 -4.9403296482596071 4.4840666634601085 84 77 53 1.3534926539931753 21 25 9 15 22 31 10 28
225 3.5431013110471525 -2.8707532211911531 3.5282687628148652 26 25 13 1.4272557751824873 21 39 9 19
226 1.4526845900232492 -4.3275053034390707 3.5222410002379458 13 12 7 1.859394885680814 21 32 13 45
227 1.7580318453050707 -3.5631165048747482 3.0780078866016956 108 100 58 1.0572643327842361 8 19 9 23
229 2.6876069671424387 -3.0323065166826426 3.7517129124140798 234 209 117 1.9200755183139337 21 43 9 27 10 31
230 0.79195527868772075 -4.5262972801455401 4.8362179222281183 24 24 17 0.16898999477231236 21 40 9 31
231 1.7086880840230307 -3.3548063065907945 3.4567129356548483 226 201 108 2.0340419983409297 21 53 9 32 22 73
232 0.7658120785520387 -3.2438519356425268 4.2774204806980567 135 133 94 1.7848319261255889 21 82 9 50 22 87 10 60
233 3.1132319968872055 -1.8156590533809343 4.2174602941569868 74 66 45 0.70399112662150176 8 91 9 51
234 1.381018046281298 -2.548368738304148 3.6797186225663201 251 219 140 0.092983605193935226 8 58 9 53
235 -0.42885169955557395 -3.4437314108884558 4.8072178655542759 89 86 57 0.17294600885308797 21 94 9 61
236 -1.0198763816350997 -3.164322225139093 5.1511433582442718 37 34 23 1.39308502783336 21 114 9 75 10 92 11 99
237 1.5259510373457128 -1.6224806655457722 4.3551959034764014 99 95 55 1.409522280281168 21 140 9 81 10 67 23 89
238 -1.0490089597231453 -2.966061982470146 4.9697052312643679 105 106 84 1.9883514954284212 21 122 9 84 22 131 10 96 21 119
239 -0.92665073711503454 -2.654240484493835 4.9107094025936275 147 155 106 0.55662960428062069 21 130 9 88 22 134 23 108 11 102
240 -0.58501744323014637 -2.34743117487873 5.6655176330709471 74 75 62 0.60038257235438175 8 94 9 93 22 129
243 1.2159139485078141 -0.48630631896978654 3.6182751746870032 75 70 33 1.9791830656458302 20 167 9 110 8 120
244 0.18031896932681257 -1.1287753677151986 4.4384001016039845 35 39 32 2.0731798216309301 21 151 8 113 9 104 20 150 21 150
245 1.2581935460024867 -1.7463433828858832 4.3164510266349119 169 171 126 2.1761230481621232 7 85 6 81 18 102 8 97 20 126 19 124 8 95 20 129 19 129 9 80 20 127 21 138 10 74 22 111
248 -0.9120972917127026 -2.4236851855999721 5.6018562807625782 21 23 17 1.5241599097367038 18 18 5 9
249 -0.48365592944757541 -2.5228537645064253 6.3972465869813977 26 27 19 2.0036815493594187 6 31 5 14 17 8 4 3 17 11 16 0 16 4 4 6 15 13 3 12 1 20
251 0.40498235980129776 -1.9415646186032842 5.6019251319669499 195 222 181 1.5873034615185699 6 59 5 45
253 3.9074347200427315 -3.1020531416964459 4.6837351763733226 21 20 12 1.6464811781344633 8 48 9 22 22 18 10 10
254 0.88145280221597799 -0.94148254770194528 6.7575769833986188 44 48 40 2.3629358686090871 17 69 16 41 5 61 4 28 16 34 3 7
255 0.49474752516140158 -1.1590291702874789 5.9866781841754646 111 115 87 1.389385120351784 18 87 17 66 5 56 16 47 15 28
256 1.1295918620680043 -1.1939446408334546 6.4791825181395852 0 0 0 0.24950480364477037 6 96 18 93
257 1.0046919767782372 -0.98327782519276274 6.3062580133201287 37 38 29 1.5557730131134726 6 101 5 68 17 86 4 44 16 57
271 2.9078864474151915 -2.7547101963739857 3.1941489743676343 58 48 29 1.3530726317876458 18 118 5 124 17 140 4 122 15 123
287 0.076259006685687705 -3.6585074980665775 4.06322651343649 81 81 47 1.0992569432081032 5 31 17 42 4 57
