# Image list with two lines of data per image:
#   IMAGE_ID, QW, QX, QY, QZ, TX, TY, TZ, CAMERA_ID, NAME
#   POINTS2D[] as (X, Y, POINT3D_ID)
# Number of images: 23, mean observations per image: 70.043478260869563
1 0.047186108102568049 0.069774316106706563 -0.56713029537679038 0.81930961429718918 0.61495519979723201 2.9139579374991915 2.3428063035001752 1 0000.png
236 128 176 226 129 227 232 129 450 237 132 176 241 132 430 233 134 490 240 136 130 244 136 451 202 144 431 244 146 252 236 157 387 240 157 173 231 158 387 206 159 424 216 159 434 227 159 -1 250 165 453 199 170 270 198 174 270 261 176 -1 243 184 -1 165 185 492 193 185 455 157 186 -1 161 186 491 173 186 435 177 186 456 215 186 457 148 187 -1 152 188 476 192 189 458 145 191 459 141 192 460 267 192 -1 134 198 -1 130 202 478 215 207 -1 243 208 -1 248 208 -1 239 209 461 272 209 265 286 214 82 119 215 462 254 216 -1 118 219 463 203 223 -1 117 224 437 247 224 -1 278 224 -1 222 226 464 256 227 -1 117 228 465 256 231 -1 211 233 -1 231 234 -1 116 235 422 268 236 267 284 236 396 172 237 -1 208 237 -1 212 237 -1 264 237 466 272 237 -1 252 238 415 117 239 467 171 241 -1 213 241 -1 175 242 -1 118 243 -1 132 246 508 136 246 509 239 247 -1 121 250 399 218 251 -1 121 254 468 168 254 -1 221 255 -1 246 255 -1 250 255 -1 225 257 -1 149 260 242 240 260 419 244 260 -1 227 269 469 231 269 420 219 270 486 118 275 470 135 275 471 209 278 472 118 279 139 190 281 262 199 285 487 149 287 -1 174 287 473 203 287 425 208 287 -1 199 289 488
2 -0.23793271252790338 -0.009713199234436979 -0.60257272648120042 0.76170846612779519 1.627886694384223 3.9028094468923404 3.0317501077302267 1 0001.png
264 157 -1 279 157 227 283 158 450 252 160 431 287 163 176 287 167 493 291 167 430 168 171 494 172 171 476 176 171 -1 180 171 -1 164 172 459 184 172 403 160 173 460 191 173 495 195 173 435 248 173 489 291 173 451 244 174 477 199 175 456 257 176 434 152 177 498 148 178 478 208 181 499 143 182 502 230 183 500 136 186 503 277 187 387 135 190 462 219 191 458 232 193 504 132 194 -1 128 195 -1 129 199 465 128 203 -1 283 209 506 150 213 -1 154 213 -1 284 213 -1 126 214 467 158 214 515 226 215 507 227 219 436 284 220 538 125 222 -1 117 224 -1 273 230 -1 283 231 542 115 232 -1 166 234 -1 284 235 -1 106 237 -1 166 238 -1 285 239 -1 254 240 -1 274 240 -1 250 241 -1 127 242 -1 229 243 439 286 243 -1 145 244 -1 247 245 -1 230 247 440 286 247 -1 286 251 -1 245 252 483 266 252 -1 140 263 -1 144 266 -1 225 266 -1 248 267 -1 149 269 -1 153 271 -1 247 271 -1 279 271 -1 159 272 -1 270 273 485 174 274 262 262 274 -1 266 274 -1 244 275 -1 240 277 -1 200 278 472 227 278 -1 231 278 -1 236 278 -1 217 279 -1 184 283 487 195 285 -1 182 287 488 186 287 425
3 0.28607822866617005 0.0089496887207412348 -0.56029937862595813 0.7772668502299539 0.79454830922771746 2.6180410228309139 2.1645079379772261 1 0002.png
169 120 450 176 120 176 180 120 430 184 123 130 162 124 227 191 131 252 154 138 -1 193 142 173 155 144 205 218 144 251 222 145 362 154 148 431 182 148 387 154 152 404 236 152 264 172 154 434 165 160 424 249 160 390 192 167 268 255 168 265 270 168 82 197 169 -1 205 169 -1 193 171 -1 272 172 81 163 174 270 193 175 -1 221 176 -1 274 176 394 249 183 -1 225 184 -1 249 187 33 225 188 410 229 188 411 226 192 -1 275 192 396 160 194 -1 164 194 458 201 195 461 197 196 -1 207 196 -1 213 197 -1 263 197 267 217 200 -1 149 202 492 145 203 -1 243 204 30 137 209 -1 254 209 415 219 211 416 133 213 -1 175 214 436 237 214 83 219 215 -1 130 217 -1 127 221 -1 183 222 -1 218 222 -1 126 225 -1 184 226 -1 254 226 245 218 227 -1 183 231 -1 219 231 418 124 232 -1 223 232 -1 183 236 -1 248 236 419 122 237 -1 184 240 -1 122 241 -1 215 243 -1 184 244 -1 211 245 -1 188 246 -1 122 248 -1 183 248 -1 206 249 -1 241 249 420 202 250 -1 228 250 469 122 253 -1 123 257 -1 222 261 -1 219 271 -1 155 273 -1 223 273 425 133 276 399 155 277 242 207 277 262 222 277 425 194 289 473 190 290 -1 186 294 211 154 295 140 182 295 212 160 296 -1 165 296 400 134 307 139
4 0.50987645880065957 -0.058616307518615567 -0.51294936393661827 0.68809379832316575 0.85875732461192811 2.2038849107381426 2.0028605275831688 1 0003.png
223 137 -1 227 137 82 231 138 81 177 139 362 184 139 401 204 139 390 173 140 362 167 142 118 216 143 265 121 144 176 128 144 130 135 144 222 163 144 118 238 144 394 139 146 252 239 148 -1 112 152 227 241 153 266 147 154 173 111 156 227 242 157 78 109 160 204 108 164 180 217 165 33 221 165 84 109 168 -1 237 168 -1 134 169 389 110 172 205 236 172 254 188 174 -1 111 176 205 156 177 268 187 178 410 235 179 20 183 180 224 223 181 30 116 182 404 131 182 424 144 182 -1 241 184 76 201 195 203 222 195 83 208 196 247 242 196 245 134 197 270 201 199 258 243 200 223 135 201 -1 161 204 395 243 204 225 138 208 -1 153 208 272 243 208 419 176 209 -1 244 212 226 179 213 -1 148 214 -1 145 218 -1 194 218 163 212 218 -1 208 219 418 244 219 -1 144 222 275 194 222 -1 244 223 420 185 224 -1 243 227 231 137 232 276 184 233 277 136 237 -1 236 237 278 135 241 -1 184 248 -1 155 249 -1 240 249 259 182 252 -1 157 253 -1 233 255 -1 180 256 280 229 256 -1 237 256 425 135 257 -1 164 258 -1 213 259 -1 135 261 -1 135 265 -1 228 267 262 136 269 -1 138 275 -1 224 275 281 140 279 -1 221 280 283 142 283 -1 173 290 242 213 291 211 209 293 212 156 295 399 204 296 213 199 300 188 195 301 400 183 304 140 159 312 141 176 318 45 166 320 282 167 324 139
5 0.68446653064542162 -0.14249384953829017 -0.43198551318606943 0.56972764341161075 0.90444126672961789 1.5693613325487239 1.779414556956513 1 0004.png
175 130 82 179 130 81 183 130 81 192 136 217 166 140 -1 195 140 266 198 144 78 154 145 218 150 148 264 200 149 244 146 150 401 142 153 197 138 155 362 179 159 33 183 160 84 206 161 20 216 165 76 129 166 118 198 170 30 219 171 -1 223 172 245 218 175 199 214 176 27 222 176 245 227 180 223 118 182 173 201 182 83 101 183 130 97 184 130 228 184 225 93 185 176 91 189 246 223 189 -1 232 189 226 189 191 247 88 193 246 234 193 228 143 194 129 162 194 -1 179 196 203 87 197 227 175 197 -1 235 197 -1 179 200 216 87 201 204 87 205 180 238 205 231 112 207 230 200 210 -1 240 210 104 89 211 -1 91 215 205 95 217 205 116 220 -1 102 221 404 218 222 -1 127 223 -1 123 224 232 181 224 206 134 226 -1 138 226 -1 142 226 -1 180 228 -1 222 228 178 128 230 -1 155 230 93 230 231 25 247 231 -1 251 231 475 127 234 -1 252 235 475 175 239 164 129 243 -1 243 243 262 129 247 -1 144 248 -1 163 248 -1 167 248 -1 171 248 -1 215 250 248 235 251 28 168 252 -1 213 254 248 152 255 -1 229 255 34 167 256 -1 209 256 215 243 260 283 166 263 -1 192 264 280 243 264 283 165 267 -1 146 271 -1 142 272 -1 154 275 -1 240 277 211 239 281 212 235 285 213 232 289 188 169 290 -1 200 292 242 173 293 214 183 298 -1 217 298 140 187 301 115 215 313 45 196 318 141 206 321 51 203 325 -1 207 325 139
6 0.84654481067754717 -0.1726486362587068 -0.31539743820162913 0.39252870963634506 0.39524725211542605 1.3851673566331213 1.6710107556392917 1 0005.png
134 147 81 141 147 217 130 148 81 155 149 78 160 151 244 128 152 82 165 152 244 183 157 76 179 158 -1 188 158 73 175 160 20 192 160 245 188 162 199 196 162 245 127 163 38 154 166 126 138 171 127 143 172 84 148 172 33 179 172 27 211 173 7 176 176 107 191 176 24 195 176 24 120 178 264 219 181 77 227 183 104 119 184 197 116 188 362 239 189 128 171 190 -1 216 191 19 203 192 269 184 193 -1 244 193 101 170 194 -1 242 197 -1 246 197 -1 169 198 247 112 200 118 247 201 475 168 202 -1 229 204 22 189 206 85 149 207 46 167 207 216 185 207 110 249 207 175 165 211 216 224 212 25 166 215 -1 213 215 178 209 217 -1 255 219 -1 109 220 173 134 221 -1 130 222 129 126 224 268 176 224 163 237 226 28 96 227 130 176 228 206 258 228 8 93 232 176 176 232 -1 234 235 34 259 235 -1 92 236 246 175 236 277 247 236 26 91 240 246 175 240 -1 213 240 248 262 243 11 174 244 164 212 244 215 216 244 -1 208 245 131 93 246 204 263 247 12 174 248 164 212 248 215 95 250 180 145 251 93 132 252 -1 173 252 -1 98 254 181 102 256 205 270 256 15 121 257 183 106 258 184 110 258 -1 266 258 -1 270 260 142 258 262 23 134 263 -1 164 264 60 268 264 342 151 266 132 124 270 -1 126 274 98 128 278 -1 247 279 140 164 280 122 224 282 138 185 283 -1 137 284 -1 163 284 162 236 284 44 189 285 -1 220 287 138 156 288 69 199 288 -1 148 289 -1 152 290 351 203 290 -1 144 292 71 218 292 115 148 293 -1 250 293 45 228 301 -1 232 303 141 247 304 51 236 305 141 243 307 139 247 308 139
7 0.94629288595038907 -0.19173471218325139 -0.179356097646755 0.18867687823529819 -0.049104631315872622 1.502559627584805 1.670805252647557 1 0006.png
159 167 73 163 167 245 167 167 245 171 167 105 226 167 101 177 168 -1 184 168 7 188 168 7 154 169 76 206 169 104 230 169 101 199 170 77 147 175 20 119 177 -1 123 177 78 244 181 321 194 182 19 109 183 -1 114 183 217 153 183 27 167 183 24 230 183 13 163 184 -1 108 187 -1 250 187 146 104 188 81 150 191 107 211 191 22 103 192 82 151 196 109 104 197 113 129 198 33 152 200 83 126 202 84 268 202 10 112 203 -1 271 206 11 229 207 28 281 208 -1 182 209 85 285 209 15 243 210 26 113 215 -1 198 217 -1 228 217 34 288 218 142 292 218 142 114 219 -1 160 222 216 115 223 -1 161 226 216 116 227 116 284 227 342 145 228 46 149 228 -1 273 228 23 176 229 163 210 231 -1 176 233 163 118 235 118 210 235 -1 210 239 215 180 240 -1 181 245 -1 120 248 -1 181 249 -1 268 249 140 177 250 -1 178 254 164 182 255 164 122 256 90 122 260 -1 182 260 55 256 261 44 276 263 45 121 264 91 183 264 55 243 264 138 242 269 138 120 270 -1 124 272 92 151 272 93 178 273 60 120 274 -1 241 274 115 245 274 115 203 276 426 208 277 123 213 277 94 225 277 95 229 277 -1 259 278 -1 273 278 139 277 278 139 133 279 -1 120 280 96 171 282 63 154 287 132 134 288 97 175 291 122 176 296 162 140 299 98 168 302 69 174 303 68 167 306 351 171 307 351 163 310 71 167 310 351
8 0.97760314709811824 -0.2060915139692977 -0.035546463565124704 -0.023554693411533857 -0.24091634030704381 1.7701440887357049 1.6722583002506861 1 0007.png
208 155 382 204 156 101 212 156 343 199 157 -1 224 160 321 194 161 4 202 167 -1 270 167 144 256 168 10 260 169 11 183 170 104 287 170 142 291 170 142 214 171 13 178 174 77 173 175 6 168 177 7 271 177 17 156 184 105 152 185 314 146 188 73 176 190 19 274 191 23 143 192 76 230 192 26 143 196 -1 192 196 25 214 196 28 155 201 24 135 202 20 140 208 27 217 208 34 246 210 290 121 212 106 140 212 27 155 212 -1 277 213 140 245 214 -1 177 215 85 120 216 -1 142 217 107 279 217 -1 116 218 108 177 219 85 216 220 -1 144 221 109 200 221 294 204 222 -1 177 223 110 208 224 -1 126 226 32 229 226 131 288 227 45 109 228 320 153 230 111 108 232 81 179 232 297 268 232 44 214 234 -1 132 235 -1 109 236 82 293 237 51 214 238 -1 210 239 -1 113 240 113 292 241 139 296 241 139 182 242 163 125 243 114 168 243 216 255 243 138 185 246 165 259 246 138 261 250 115 265 250 292 155 251 46 131 253 86 195 256 164 255 258 295 197 260 164 248 262 95 140 263 -1 201 263 55 242 265 135 205 266 55 238 266 94 221 267 58 234 267 123 143 268 306 217 268 57 150 280 119 200 282 60 184 287 -1 155 289 311 157 293 121 194 294 63 159 297 -1 161 302 -1 200 304 162 201 308 162 164 310 65 200 312 68 196 313 69 166 314 310 195 317 351
9 0.9474655854996793 -0.19208014853759162 0.11747001616203154 -0.22718929581830841 -0.36449377115882586 2.3075105451230922 1.8914056229042373 1 0008.png
258 132 142 246 134 429 236 141 12 260 145 342 231 146 11 227 147 10 223 148 -1 244 148 17 247 155 364 251 156 23 186 157 343 255 158 432 181 159 353 177 161 101 194 167 -1 265 168 505 169 177 -1 271 177 287 182 178 -1 168 181 -1 257 185 288 163 186 104 232 187 363 205 188 26 233 191 290 187 193 349 192 199 28 155 200 314 261 202 -1 284 203 139 200 208 34 147 209 105 165 209 -1 177 209 25 231 212 -1 145 213 -1 255 217 -1 143 219 -1 275 219 292 255 221 138 170 223 293 272 223 -1 151 227 24 193 227 294 173 228 371 140 231 -1 174 232 85 140 235 -1 176 236 110 264 239 295 140 240 296 180 242 297 260 244 -1 256 246 -1 183 248 298 252 248 -1 152 249 109 156 250 316 160 251 111 134 252 299 186 252 -1 190 254 375 244 254 -1 194 255 165 133 256 300 240 256 58 198 257 358 202 258 356 208 261 164 222 261 55 212 262 -1 226 262 372 131 266 320 150 269 114 130 270 155 134 270 156 138 271 113 173 271 46 132 274 -1 139 276 38 143 276 303 159 276 86 230 276 158 166 280 116 231 280 374 170 282 305 174 285 306 232 287 -1 212 295 312 229 295 -1 183 300 311 187 301 -1 226 303 -1 189 305 446 190 309 309 227 312 -1 224 317 -1 224 321 -1 200 322 310
10 0.85474618952838077 -0.16507908592480336 0.24414288870622633 -0.42726115757358979 -0.012733937095756391 2.8492510019918287 2.0395348922913099 1 0009.png
199 120 -1 203 120 142 212 130 342 195 131 144 218 142 385 190 146 11 236 148 381 205 149 364 244 151 287 249 155 365 176 160 146 256 161 -1 260 167 -1 168 168 321 223 171 140 261 171 -1 158 178 -1 249 178 392 265 178 -1 154 179 -1 266 182 -1 154 183 -1 232 188 -1 267 188 -1 153 189 -1 268 193 -1 254 197 -1 267 197 -1 267 202 -1 178 204 26 150 206 366 239 207 -1 266 208 -1 235 209 -1 150 210 367 150 214 -1 173 215 28 264 217 -1 183 221 34 263 221 -1 261 225 -1 154 226 368 259 229 -1 168 232 25 255 235 -1 150 239 369 150 243 -1 172 243 293 151 247 370 173 247 371 246 247 372 152 251 -1 177 252 -1 181 254 -1 154 255 373 186 258 297 227 258 -1 155 259 -1 253 259 158 190 261 298 263 261 374 157 263 -1 202 263 375 206 263 165 210 263 358 159 267 376 161 271 -1 178 271 111 268 273 -1 268 277 -1 197 279 46 264 281 -1 268 281 -1 163 283 299 181 285 114 263 285 -1 267 285 377 163 287 300 198 287 304 265 289 378 260 292 -1 207 293 306 235 293 312 250 293 -1 168 295 156 164 297 155 178 297 303 217 303 384 251 303 -1 218 307 311 222 309 -1 240 315 -1 246 315 351 250 315 351 240 319 380 229 320 65
11 0.9654848808048605 -0.16272678411582425 0.16166673262194717 -0.12338073687529222 -0.84637895902301041 2.4448250172019352 2.8896532298819904 1 0010.png
145 146 -1 199 149 -1 191 150 -1 203 150 403 207 150 382 187 151 -1 211 151 343 217 153 5 174 154 -1 221 155 321 225 156 321 152 159 -1 228 160 405 153 167 -1 235 167 -1 160 168 -1 200 172 9 204 173 -1 240 173 -1 208 174 13 148 175 -1 243 177 -1 147 179 -1 245 181 -1 191 182 -1 145 183 -1 180 183 -1 218 183 -1 144 187 -1 180 187 -1 219 187 -1 247 188 -1 144 191 -1 220 191 -1 249 192 -1 194 194 22 143 195 -1 249 196 -1 143 200 -1 250 201 -1 143 204 -1 250 205 -1 144 209 -1 205 211 -1 144 213 -1 250 214 -1 248 227 -1 148 229 108 278 233 329 274 234 548 268 236 -1 169 242 316 145 243 320 290 244 -1 237 246 339 144 247 155 292 248 545 235 250 550 231 252 550 292 253 545 153 256 38 170 256 -1 293 258 -1 161 259 -1 289 259 -1 162 263 -1 290 263 -1 218 265 536 272 265 -1 286 266 -1 163 267 -1 165 271 -1 186 271 -1 168 275 -1 204 275 -1 173 277 -1 204 279 -1 252 283 -1 179 285 -1 221 286 -1 225 286 541 266 286 -1 192 288 -1 217 288 -1 266 290 -1 239 297 384 198 298 -1 215 303 -1 205 304 -1 268 305 -1 209 307 351 205 308 -1 201 309 -1 248 314 341
12 0.85491656362698087 0.4506603149634647 0.22877857611505026 -0.11697569347533483 -0.2367559235875977 4.7087174513784325 6.9359596585163814 1 0011.png
175 162 101 167 163 362 171 163 101 163 164 197 186 164 343 192 165 -1 158 166 4 196 166 5 200 167 321 153 168 4 204 169 321 149 171 518 208 172 -1 212 174 405 145 175 519 221 183 520 133 186 522 224 187 521 226 191 523 163 192 -1 167 192 -1 173 193 -1 107 194 524 157 194 -1 153 196 -1 176 197 -1 267 200 12 271 200 548 277 200 329 179 201 -1 127 206 -1 291 206 15 232 207 480 248 207 497 263 207 331 295 208 545 182 210 -1 141 211 -1 182 214 -1 297 214 -1 245 216 -1 293 216 -1 299 218 142 158 220 -1 295 220 496 126 221 -1 298 224 -1 173 225 -1 127 228 529 232 228 507 292 229 342 278 230 23 288 230 342 128 233 -1 231 233 339 129 237 -1 230 240 550 135 246 532 278 249 505 278 253 533 149 259 534 278 261 535 221 262 -1 277 265 -1 255 268 -1 277 269 -1 151 272 -1 210 274 -1 277 274 -1 223 275 -1 153 276 537 172 278 -1 176 278 539 204 279 -1 243 279 483 165 280 540 180 280 -1 277 282 51 266 283 -1 183 284 -1 278 286 139 196 287 486 219 287 -1 203 288 -1 245 290 -1 204 292 -1 230 293 -1 271 294 -1 247 298 514 258 302 485 237 303 341
13 -0.25234383917241215 -0.018237398459244058 -0.65842816984252883 0.70884577256761916 1.279586859126792 4.012600362769053 3.175687224237524 1 0012.png
256 139 431 288 140 227 292 142 176 288 144 176 292 146 176 248 147 -1 288 148 490 297 149 430 167 150 476 171 150 -1 175 150 491 179 150 492 243 150 477 293 150 493 155 151 494 159 151 -1 183 151 495 150 153 -1 146 154 -1 190 154 435 295 154 451 142 155 -1 194 155 456 227 158 497 134 159 498 198 159 -1 297 159 451 202 160 499 223 160 500 130 161 -1 206 161 -1 125 165 502 207 166 -1 211 166 455 290 166 -1 121 168 -1 278 171 387 118 172 503 116 176 -1 229 180 504 228 184 504 112 188 -1 283 191 -1 284 195 -1 109 201 -1 284 202 506 219 203 436 283 206 -1 219 207 436 100 208 -1 283 210 -1 283 214 -1 167 215 -1 126 217 399 131 218 508 92 219 -1 136 219 509 140 219 515 282 221 -1 92 223 -1 113 225 468 282 225 538 101 227 -1 214 231 -1 220 236 439 280 236 -1 151 237 -1 112 238 -1 220 240 440 279 240 542 151 241 510 112 242 -1 147 243 242 279 244 543 277 250 544 220 253 -1 136 254 471 234 254 -1 117 255 -1 113 256 -1 278 256 -1 241 257 483 146 259 -1 150 260 511 279 260 -1 207 262 -1 213 262 -1 275 262 -1 178 266 -1 182 266 -1 203 266 512 207 266 -1 277 266 -1 189 267 -1 257 270 443 276 270 -1 237 273 -1 237 279 -1 238 283 -1 261 284 -1 240 288 513 244 291 514 249 293 361 253 294 447 257 294 485
14 0.039075828722345489 0.044658878221859315 -0.66550735762902014 0.74402864269278413 0.90075413459251652 3.7673867753626236 2.8500424877550596 1 0013.png
226 119 227 230 119 246 234 120 450 240 120 176 244 120 176 247 124 430 216 127 -1 245 128 130 249 128 451 248 132 451 252 133 451 203 137 431 248 149 -1 202 151 489 236 153 387 199 155 477 211 157 424 215 157 433 219 157 -1 223 157 -1 235 157 -1 259 157 453 198 159 -1 262 161 251 266 166 401 267 170 401 171 174 435 176 174 456 191 174 455 152 178 -1 158 178 -1 144 179 -1 148 179 -1 140 181 -1 218 183 457 136 184 459 231 184 -1 273 184 -1 132 186 460 190 196 -1 276 199 265 119 201 -1 177 201 -1 288 205 82 195 207 436 115 208 -1 178 208 -1 114 212 462 263 214 33 288 215 394 113 216 463 257 217 -1 159 218 -1 112 221 437 257 221 -1 157 222 -1 161 222 -1 165 224 -1 112 225 465 256 225 -1 260 225 -1 111 231 422 198 232 438 282 232 396 113 236 467 200 236 439 201 240 440 234 241 441 238 241 -1 242 241 -1 253 244 -1 253 248 -1 120 250 399 119 254 468 217 256 -1 253 258 -1 150 262 510 253 262 -1 214 264 -1 231 264 443 148 266 242 252 266 -1 116 268 141 248 271 -1 209 275 444 182 276 -1 140 277 471 178 277 -1 199 277 512 167 279 -1 171 279 -1 120 280 470 159 280 511 163 280 -1 117 284 282 130 285 -1 121 287 139 117 288 139 218 290 513 227 290 446 231 293 447 235 293 448
15 0.30002618888194255 0.063677691692186886 -0.63851147087861604 0.70585589118612446 0.85776472812639393 3.621740443106551 2.6390814753624876 1 0014.png
182 120 176 186 120 176 193 121 130 176 122 246 197 123 222 172 124 227 168 126 227 167 130 204 217 138 -1 234 139 403 207 140 173 240 140 362 244 141 -1 248 144 401 252 146 401 256 148 264 162 151 205 194 151 387 259 152 218 161 155 404 187 155 388 191 155 389 267 160 390 235 161 -1 194 163 402 183 164 433 175 165 424 235 165 -1 207 168 268 274 169 265 287 170 82 285 174 -1 289 174 81 192 175 -1 174 176 270 292 178 217 293 185 394 172 189 -1 264 190 33 197 191 395 160 194 492 156 195 -1 198 195 -1 153 199 -1 198 199 -1 235 200 -1 148 203 -1 276 203 267 290 203 396 256 204 30 272 204 466 237 205 256 267 206 415 144 207 -1 208 207 -1 198 208 -1 142 211 -1 249 214 -1 241 215 -1 199 216 -1 137 218 -1 255 218 83 241 219 -1 263 221 397 135 224 -1 264 225 -1 134 228 -1 263 229 417 133 232 -1 262 233 -1 233 236 -1 188 237 438 132 238 -1 229 239 -1 143 240 -1 213 240 441 233 240 -1 190 241 439 132 242 -1 191 245 440 133 246 -1 232 247 -1 133 251 -1 199 254 -1 134 255 -1 144 255 -1 201 258 -1 135 259 422 199 262 -1 232 263 -1 210 266 443 230 268 -1 223 270 -1 196 273 444 146 276 399 168 280 242 167 284 242 144 287 -1 198 287 -1 226 287 -1 167 288 140 221 290 447 144 291 141 177 291 400 181 291 188 186 291 -1 225 291 448 207 293 -1 144 296 -1 158 302 45 149 304 282 150 308 139
16 0.49950879863248149 0.014708434964311583 -0.62088721538350167 0.60396497233114199 1.6762193311912961 3.5303238911505948 2.6481187677408866 1 0015.png
213 131 -1 217 131 197 221 131 401 228 131 264 208 132 362 232 132 218 236 132 218 202 133 251 240 133 323 244 134 390 197 135 118 257 139 -1 269 139 81 273 140 81 152 141 130 156 141 130 160 141 222 148 142 176 166 143 252 144 144 176 277 144 217 140 148 246 175 149 173 135 151 227 135 155 227 135 160 204 207 160 -1 247 160 -1 284 162 266 283 166 -1 134 167 180 169 168 387 254 169 33 282 170 -1 134 171 180 282 174 396 135 175 181 154 175 -1 207 176 -1 167 177 388 230 177 411 137 179 205 166 181 402 230 181 -1 274 181 254 139 183 205 258 183 30 159 184 424 225 184 -1 144 185 184 167 185 -1 229 185 -1 276 187 -1 228 189 -1 191 190 -1 276 191 -1 227 194 -1 276 195 245 162 196 270 253 197 83 264 199 397 226 200 -1 276 200 -1 176 203 272 239 206 258 231 207 416 275 207 417 235 208 -1 275 211 -1 231 212 -1 167 216 275 229 216 -1 229 223 -1 270 226 231 163 227 276 243 227 85 261 229 -1 161 238 -1 261 240 278 187 246 -1 191 246 239 268 247 259 161 250 -1 216 251 -1 266 251 -1 162 254 -1 215 255 261 261 255 425 265 255 475 189 256 67 163 258 -1 263 259 425 252 262 262 164 263 -1 218 263 263 190 265 -1 245 266 -1 167 268 -1 191 269 -1 220 269 -1 242 270 248 209 272 -1 221 273 -1 172 276 214 221 280 -1 234 282 -1 223 284 -1 183 286 399 211 286 -1 219 287 -1 223 288 -1 227 288 -1 188 289 -1 194 290 -1 219 291 -1 205 297 -1 185 299 -1 186 304 141 192 305 -1 201 308 45 192 312 282 194 316 51
17 0.69597432803269532 0.0018289384995690951 -0.51069358313192037 0.50478555234008371 1.6525474759204406 3.1121608923028621 2.2720444858026285 1 0016.png
225 126 82 229 126 81 233 126 81 199 133 218 195 134 264 191 136 401 184 139 197 247 139 -1 180 141 362 218 142 220 249 143 244 177 145 362 173 147 251 171 151 118 252 152 452 253 156 -1 247 157 267 225 159 -1 255 160 254 266 161 76 221 163 -1 225 163 221 236 164 84 223 167 -1 246 168 30 156 169 173 271 170 245 144 171 222 148 171 252 139 173 -1 153 173 -1 157 173 173 135 176 130 130 179 176 259 180 -1 263 180 27 271 180 -1 276 180 223 223 181 -1 127 183 246 199 184 224 246 184 83 277 184 225 269 185 -1 126 187 246 265 188 24 279 188 226 269 189 24 126 191 227 281 193 228 277 194 -1 128 195 204 235 195 247 239 195 -1 225 199 203 229 199 203 126 200 180 208 201 256 218 202 229 151 203 230 228 203 258 127 204 180 154 207 -1 285 207 231 129 209 181 158 209 232 220 209 233 154 211 424 276 211 19 133 212 205 213 213 -1 222 213 -1 137 214 184 251 215 85 219 217 -1 223 217 235 247 218 -1 288 220 -1 226 221 163 292 226 259 277 229 22 165 231 -1 293 233 475 167 235 -1 274 237 25 295 237 475 168 239 -1 225 239 -1 172 247 -1 281 247 262 175 251 -1 220 254 -1 176 255 -1 206 255 -1 210 255 -1 216 256 238 180 257 239 184 257 -1 256 257 -1 206 259 240 210 259 -1 279 259 281 251 260 185 179 261 241 255 261 248 259 261 248 209 263 261 279 263 283 251 264 215 255 265 215 277 267 -1 181 270 67 273 273 211 181 274 98 270 277 212 200 281 191 263 283 188 220 288 -1 236 288 242 250 290 140 215 294 -1 214 298 243 194 301 71 198 301 71 227 301 -1 211 302 -1 203 303 351 207 303 351 247 304 45 231 308 141 240 314 139
18 0.86471211765221645 0.0039522840389318199 -0.35749707225529687 0.35277921759251379 1.3354695769941138 2.8025873139774147 2.046702735557187 1 0017.png
207 128 323 195 129 217 200 129 217 212 129 78 182 131 81 218 131 244 222 133 244 242 140 76 248 141 73 234 142 20 252 142 -1 198 143 220 256 143 245 213 144 452 172 147 -1 168 151 -1 167 155 264 268 155 7 213 156 126 226 157 30 207 161 221 164 162 -1 193 162 127 241 163 27 199 164 84 203 164 84 162 166 -1 255 166 24 279 167 77 251 168 24 295 168 4 161 170 -1 235 170 107 255 170 24 268 171 -1 298 172 128 160 174 118 233 174 83 258 174 269 213 175 171 232 178 -1 304 180 -1 305 184 -1 281 185 19 306 188 -1 226 193 464 157 194 173 272 196 -1 218 198 203 148 199 222 144 201 -1 247 201 85 311 201 475 217 202 -1 290 202 22 207 205 46 212 205 -1 245 205 -1 311 205 175 216 206 229 289 206 -1 220 208 233 256 208 -1 139 209 176 287 210 -1 224 213 235 271 214 178 284 214 25 138 215 246 223 217 -1 227 217 163 137 219 -1 265 219 -1 139 223 -1 176 223 -1 160 225 230 140 227 -1 313 228 283 143 231 -1 184 231 -1 165 232 -1 313 232 283 167 236 183 151 237 184 292 237 34 311 241 -1 229 243 164 271 244 248 311 245 211 229 247 164 263 248 185 267 248 215 271 248 248 310 249 212 264 252 -1 268 252 215 308 253 213 304 257 188 224 259 238 213 261 -1 302 261 -1 217 263 -1 212 265 240 232 265 -1 184 266 239 279 266 -1 207 267 312 216 268 263 239 268 426 293 270 140 244 271 190 183 272 241 272 273 242 184 276 67 282 276 44 264 278 115 185 280 98 203 284 191 295 284 45 223 285 122 213 287 192 295 288 45 275 292 136 296 292 -1 219 295 243 279 295 141 290 296 51 223 298 68 286 298 139 212 299 -1 216 299 69 290 300 139 213 303 351 217 303 351 207 305 71
19 0.96624076215133381 0.003438239021929375 -0.18097947843634471 0.18333956598221357 0.87815794880510634 2.6355220262547587 1.8810883986132576 1 0018.png
224 131 245 228 131 245 247 131 -1 220 132 73 251 132 7 255 132 6 287 133 4 280 134 -1 293 134 128 237 135 -1 297 136 101 301 137 101 183 138 -1 187 138 244 191 138 244 199 138 -1 179 139 78 203 139 20 171 140 -1 175 140 78 263 141 77 168 144 -1 248 144 -1 306 144 343 164 146 217 274 148 14 309 148 5 261 151 -1 298 152 -1 155 153 81 293 153 9 288 155 -1 152 157 82 156 158 -1 201 159 30 212 159 27 317 159 -1 152 161 82 182 161 32 265 161 19 232 162 -1 276 162 18 303 162 13 183 165 126 303 166 -1 289 167 16 153 168 113 184 169 33 210 169 107 327 172 8 210 173 83 306 173 -1 282 174 22 160 175 38 179 176 84 175 178 84 194 180 171 335 180 10 170 181 127 280 181 -1 264 183 31 339 183 11 162 184 -1 166 184 -1 343 184 12 281 185 25 163 188 86 283 189 -1 192 191 -1 238 191 110 352 191 15 287 192 -1 214 195 -1 300 196 28 355 196 142 215 199 -1 342 200 17 352 200 142 356 200 142 231 202 -1 216 203 216 316 203 26 166 204 -1 269 205 35 312 205 29 223 207 235 232 207 163 351 208 342 200 210 46 339 210 23 298 211 34 234 212 163 169 218 90 269 221 40 335 223 188 168 224 91 271 227 248 164 228 130 266 231 -1 270 231 185 274 231 215 173 232 -1 189 232 -1 169 234 92 329 234 -1 165 235 -1 266 235 -1 270 235 -1 239 236 164 328 238 140 164 239 -1 168 239 -1 239 240 164 166 243 96 240 244 55 172 248 -1 249 250 57 182 251 97 254 252 -1 314 252 44 258 253 -1 298 253 138 262 254 123 274 255 134 278 256 -1 287 256 -1 294 256 48 298 257 138 335 257 45 234 259 60 223 269 312 333 269 51 318 271 141 329 271 139 194 272 239 227 272 63 322 272 141 333 273 139 213 274 -1 197 280 241 235 283 122 197 284 67 236 287 -1 199 288 98 217 289 191 237 291 162 237 295 -1 232 298 69 236 299 68 225 301 -1 229 302 351 223 305 71 227 306 351
20 0.99994791613078671 -0.008716163393076324 -0.0044663589657083598 -0.0028714384882278236 0.55789959826276747 2.6498435104537923 1.8196995264967908 1 0019.png
272 105 101 267 106 101 279 106 343 263 107 148 283 107 343 259 108 517 287 109 5 291 111 321 295 113 321 305 119 146 291 121 149 231 122 -1 223 123 7 235 123 153 239 123 104 315 124 8 291 125 432 261 127 9 214 129 -1 329 129 10 335 129 11 340 129 12 344 129 144 287 130 152 276 131 13 246 132 14 359 133 15 298 135 151 233 136 -1 305 136 150 367 136 142 255 137 -1 204 138 105 194 139 73 366 140 142 370 140 -1 256 141 -1 285 143 -1 260 144 16 347 144 17 370 144 145 274 145 -1 186 146 76 232 146 -1 247 148 18 233 150 19 251 150 -1 181 151 -1 363 151 342 254 154 22 178 155 20 174 156 -1 207 158 -1 347 158 23 169 159 -1 277 159 -1 207 162 24 161 166 106 255 169 25 304 169 26 188 170 27 283 172 28 303 173 29 154 174 108 187 174 30 241 174 31 206 176 -1 152 180 -1 230 182 85 345 182 -1 166 184 32 193 187 109 173 189 33 149 190 320 286 190 34 195 192 -1 262 192 35 149 194 155 153 194 156 344 194 140 199 195 -1 203 197 111 346 198 140 156 203 38 169 204 114 231 204 163 265 204 40 214 207 216 233 208 163 218 209 216 355 210 -1 335 216 44 360 219 45 203 220 46 182 223 -1 316 224 -1 362 224 -1 314 228 48 318 228 138 246 231 164 362 232 51 250 234 164 303 235 95 334 235 136 358 235 139 362 236 139 214 237 -1 253 238 55 288 238 134 293 238 135 346 238 -1 268 239 57 272 239 58 280 239 -1 284 239 190 252 250 158 281 250 -1 199 251 119 200 255 159 269 255 -1 251 258 60 202 259 311 203 263 311 263 263 -1 267 263 -1 271 263 -1 206 268 121 242 269 312 233 270 -1 237 270 312 228 271 -1 224 273 -1 244 273 63 212 277 309 294 277 -1 214 285 65 254 288 162 215 289 310 255 292 162 254 296 68 248 297 69 230 300 -1 250 301 351 245 302 351 239 304 -1 244 306 71
21 0.96558323104154509 -0.00037082099581164739 0.17859807771117689 -0.18908096958983436 0.2837612597039077 2.9722925693828319 2.0267372929242642 1 0020.png
312 75 -1 332 76 142 336 76 -1 335 80 -1 297 81 -1 336 84 145 294 85 11 286 87 10 290 87 -1 266 88 8 335 88 496 255 89 146 238 90 352 242 90 321 231 91 343 223 92 353 227 92 343 332 92 342 311 93 17 219 94 101 331 96 342 216 98 148 213 102 517 238 105 149 322 109 23 207 113 -1 251 114 150 247 115 151 235 119 152 328 120 -1 203 124 -1 199 128 153 335 131 505 193 133 6 216 133 -1 219 144 -1 209 145 16 236 145 349 286 145 -1 290 146 -1 294 146 392 254 150 -1 290 150 290 294 150 -1 325 150 288 258 151 26 262 151 -1 192 153 -1 286 153 -1 290 154 -1 294 154 -1 327 154 140 179 155 105 332 155 140 201 156 -1 337 158 -1 254 160 -1 262 160 -1 341 161 -1 242 163 28 213 164 -1 173 168 -1 220 169 25 351 171 45 171 172 -1 180 175 -1 327 175 -1 207 176 293 251 176 34 356 178 -1 168 179 -1 211 181 31 186 183 -1 190 184 -1 211 185 354 167 186 -1 359 188 51 169 190 296 356 192 139 360 192 139 173 193 27 231 193 -1 360 196 139 161 199 -1 315 199 138 347 200 -1 319 201 -1 343 201 -1 180 202 107 333 202 136 337 202 -1 160 204 299 160 208 299 219 209 298 195 210 111 199 211 -1 160 212 300 220 213 -1 306 213 -1 224 216 -1 180 217 357 296 217 -1 230 219 165 158 220 320 285 222 58 166 223 113 158 224 155 162 224 156 248 225 164 209 227 46 165 228 360 173 228 303 169 229 38 250 229 164 258 229 -1 263 229 55 267 230 -1 199 232 304 203 235 -1 205 239 305 266 245 -1 264 253 60 263 257 -1 218 259 159 263 261 -1 219 263 -1 221 267 311 255 270 312 259 271 63 230 278 309 267 284 162 256 288 192 268 288 162 234 290 65 264 291 -1 268 292 68 264 295 69 260 298 -1 265 300 351 245 301 380 256 301 361 261 302 351
22 0.87185878632444125 -0.0046471874101306843 0.33076892054582663 -0.36115451202912607 0.25795895065046753 3.2684778167734607 2.2293952039984304 1 0021.png
240 42 142 240 46 142 232 48 429 250 54 -1 226 56 144 252 58 -1 221 65 12 258 71 -1 217 75 11 232 75 17 261 75 385 215 79 11 272 80 -1 241 87 364 284 87 381 288 89 287 292 93 365 196 96 146 187 102 321 300 103 -1 183 104 352 303 108 -1 306 113 -1 167 115 -1 171 115 353 168 119 -1 240 121 363 225 122 -1 229 122 -1 310 124 -1 221 125 -1 247 125 -1 267 125 -1 282 125 -1 166 126 -1 263 127 288 311 128 -1 267 129 -1 271 129 -1 166 130 -1 263 131 -1 311 132 -1 267 133 140 272 133 -1 303 138 -1 312 139 -1 166 143 -1 256 143 -1 312 143 -1 231 144 -1 167 151 -1 312 151 -1 180 155 -1 309 156 -1 165 157 366 277 157 44 184 158 -1 214 159 -1 304 159 -1 308 160 -1 164 161 367 200 162 26 308 164 -1 200 166 -1 204 169 -1 293 175 -1 307 175 -1 166 177 368 195 177 28 289 178 -1 273 179 -1 162 187 -1 206 187 34 300 188 -1 162 191 369 187 192 293 189 196 31 163 198 370 218 199 294 189 200 354 287 202 -1 281 205 -1 181 206 -1 169 208 373 279 209 -1 170 212 -1 291 212 -1 292 216 -1 172 217 376 176 220 -1 203 220 -1 292 220 -1 176 224 -1 199 224 -1 203 224 -1 207 224 -1 246 224 164 253 224 -1 293 224 -1 227 226 -1 202 228 -1 206 228 -1 242 228 356 216 229 -1 197 230 357 226 230 -1 230 230 358 222 231 375 291 232 377 287 234 -1 214 236 86 175 237 300 287 238 378 216 240 304 277 242 -1 220 244 305 180 245 156 193 245 303 184 246 360 188 247 38 224 247 -1 275 253 -1 231 259 -1 270 270 -1 244 274 -1 276 280 162 256 291 -1 273 291 69 259 295 -1 263 295 -1 275 295 351 252 298 -1 262 299 380 266 300 361
24 0.81756939239334647 0.49877790088348323 0.26046908209830644 -0.12229779835592472 -0.089138528228315847 3.7979190134621943 6.8863805660508524 1 0023.png
160 115 101 164 115 101 171 115 -1 175 115 343 155 116 517 147 117 -1 151 117 -1 187 118 5 191 119 -1 195 120 321 144 121 4 199 122 321 135 128 518 209 128 405 131 132 519 216 132 -1 219 136 520 223 139 521 118 143 522 225 143 523 114 145 -1 200 146 -1 230 150 -1 84 158 524 231 159 -1 235 161 480 250 161 -1 290 161 329 260 162 -1 264 162 -1 268 163 -1 273 164 331 277 164 -1 302 167 15 155 168 -1 276 168 -1 98 170 -1 151 170 -1 146 171 -1 306 171 -1 142 172 -1 160 172 -1 112 174 -1 164 174 -1 310 174 545 168 177 -1 309 181 -1 172 184 -1 309 185 496 250 186 504 113 187 -1 174 188 -1 311 189 -1 113 191 -1 129 191 -1 174 192 -1 307 192 -1 287 193 23 303 193 342 126 195 -1 114 196 529 175 196 -1 236 199 339 115 200 -1 175 200 -1 173 206 -1 119 207 -1 123 207 -1 129 207 -1 233 209 550 170 210 -1 122 211 -1 160 213 -1 233 213 550 286 214 505 123 215 532 145 215 -1 149 215 -1 155 215 -1 286 218 533 133 226 -1 142 231 534 223 231 -1 285 231 535 222 235 -1 284 235 -1 221 239 536 284 240 -1 148 244 537 221 244 -1 283 244 -1 170 246 539 159 247 540 229 248 541 184 254 -1 204 254 -1 188 255 -1 192 255 -1 196 255 -1 200 255 -1 280 256 -1 233 260 -1 279 260 543 246 262 -1 280 264 544 281 268 -1 280 272 -1 279 276 -1 244 279 -1 257 280 -1 244 283 -1 271 284 -1 245 287 -1 246 291 -1 254 293 -1 250 295 -1 254 297 -1 258 297 -1
