# 3D point list with one line of data per point:
#   POINT3D_ID, X, Y, Z, R, G, B, ERROR, TRACK[] as (IMAGE_ID, POINT2D_IDX)
# Number of points: 389, mean track length: 4.1413881748071981
544 2.0325682824768609 0.80527320992843809 3.2206872257996118 66 61 35 0.22735867795594844 13 74 24 104
543 1.9782287020709701 0.75008301534080701 3.2893622283772226 62 55 30 0.58494757018943322 13 73 24 102
542 1.4044710256667166 0.13027991590018254 3.4495803588931051 0 0 0 0.46217720588762967 2 47 13 69
541 1.1680423432388314 -1.4129519420073091 2.7449033367058644 73 73 54 1.2437974882401073 11 80 24 93
540 1.0366072900330141 -3.7600809179502845 1.7561986604768032 79 73 41 1.9423785999312873 12 75 24 92
539 1.3299314423435524 -3.8801496016143524 1.7752157433957099 57 51 30 1.4102580560863944 12 72 24 91
538 1.3017775489312904 -0.00051679312788879958 3.674905602825532 0 0 0 0.22359440748862069 2 43 13 61
537 0.60999050199902116 -3.5718794116487578 1.8431512191685011 80 72 54 1.2268450261370483 12 70 24 88
536 1.1254785352091117 -1.9072772721011022 2.7665404451000244 114 119 76 1.6317584704839565 11 67 24 86
535 3.0969729252678864 -4.4319193008108551 1.9761927317537988 59 57 35 0.4195563480640806 12 61 24 83
534 0.68361573851717372 -3.9409265080402331 1.9876695045754751 45 42 27 1.4462948902998851 12 60 24 81
533 3.0889690447928295 -4.4532223837695772 2.1045452835249212 46 45 29 1.019567755576738 12 59 24 79
532 0.75810549146657336 -4.5226075554742824 1.9742228387759884 38 35 25 0.73214886944700552 12 57 24 75
529 0.55926038677954482 -4.6795874941743758 2.2230674010002369 0 0 0 1.2197414675732112 12 48 24 60
524 0.72120246140502065 -5.5047507480011664 2.3095171395938161 0 0 0 1.9498117575298961 12 22 24 23
523 2.3403507333452107 -4.891096751641129 2.8384478370618944 47 46 29 1.2734899390936629 12 18 24 19
522 0.81865424331182857 -5.2096795679487586 2.765707382679222 0 0 0 0.74282642577312508 12 16 24 18
521 2.2735457194987259 -4.8560395396728202 2.9465463133524046 0 0 0 1.0969913795371831 12 17 24 17
520 2.1862790292836363 -4.8280035870960312 3.0450016660606654 17 17 11 0.3742370474362805 12 15 24 16
519 0.93540454124927608 -5.1815978261249294 3.0020769059879093 27 26 16 0.31181868785069389 12 14 24 14
518 0.99105545780906767 -5.1905661286135718 3.0697126274322395 14 13 8 0.75850059478849885 12 11 24 12
517 1.1567619092510504 -5.092313646949866 3.3719811271384024 0 0 0 0.6064546179813276 20 5 24 4 21 22
515 3.0225260039358255 -0.36184572533547915 3.1645706091161001 232 206 114 1.8573343037020194 2 40 13 57
514 1.5884438681337489 -0.020494459918423948 2.7249166997091101 54 45 31 0.75452449435994584 12 88 13 101
513 0.48879000213440338 -1.5231269290189 2.5860885037365104 0 0 0 1.8155943888431658 14 98 13 100
512 0.9098431526770403 -2.4330783317464739 2.7332636172758127 104 105 71 2.6429856521191937 14 88 13 90
511 1.9456602802322946 -2.958283203570951 2.5277954492469639 74 67 37 1.1158182958760496 14 92 13 83
510 2.1287174845728782 -2.7371565150171961 2.9601985545441161 194 183 119 0.05231481947491376 14 76 13 70
509 2.569193286428276 -2.8148265905926233 3.3142605072399722 204 177 94 0.74523659497934425 1 70 13 56
508 2.6774159968310234 -2.8042660936455612 3.3021199599786004 159 139 72 0.96752789145944895 1 69 13 54
507 1.3085066906603957 -1.8167575355065488 4.0776989141754614 0 0 0 0.046122734423073602 2 41 12 49
506 0.55123091276387792 -0.92302765479795756 4.3391431728247767 40 41 32 0.51333101869104569 2 35 13 45
505 2.892045815156318 -3.3921329036681396 2.7082045725614092 61 62 36 1.7816039718203274 12 58 21 32 9 15 24 74
504 1.4069610098875742 -1.5664736436643345 4.4706553972345615 141 123 70 1.5578361117652326 2 30 13 39 24 49 13 40
503 3.3370139661110843 -1.5875131360361718 3.834696867928971 0 0 0 0.097537620696216215 2 26 13 37
502 3.2441146627243627 -1.7570568897705732 4.0247711845228542 0 0 0 1.1160433614527512 2 24 13 31
500 0.69949647311091456 -3.3713706210028693 5.6438846904429809 30 28 21 2.4499156912319275 2 25 13 28
499 1.5592621401808995 -2.7917492040081848 5.1246410104067124 13 12 7 0.61789970342059708 2 23 13 27
498 3.139518804995987 -1.6618148655817735 4.1542316896560445 0 0 0 1.7388287150449702 2 21 13 24
497 1.5559763011445704 -1.6288216733714815 4.9177556923473809 0 0 0 0.94372443718482901 12 33 13 23
496 3.2461519965920993 -4.1029771353853244 2.8044249617652901 91 96 73 2.1665517363495459 12 44 21 10 24 48
495 2.1067676700191753 -2.6584737554496178 5.0652771263987262 0 0 0 0.72897035519783637 2 14 13 16
494 2.8072831315933291 -1.9883526363083821 4.5518590330285642 0 0 0 1.0189832048622043 2 7 13 14
493 0.05573506365669046 -1.5875157632064567 5.8179200319651505 110 115 87 0.68239941876001553 2 5 13 13
492 2.0589013935350287 -3.2467013409289356 5.3016164445083449 0 0 0 0.75499802159479379 1 21 13 11 3 44 15 40
491 2.1664337007849483 -3.1745412193263594 5.232515822772001 34 31 20 1.005446405719266 1 24 13 10
490 0.064231639363395196 -1.7349006627978267 5.9085549769934707 132 138 97 0.22605899707896404 1 5 13 6
489 0.82924108984451339 -2.1185797596016616 5.4953440837750058 0 0 0 1.1654490836373745 2 16 14 13
488 0.98563138112875359 -3.9329860434685684 2.394105447886818 35 32 23 0.4114056071962871 1 96 2 89
487 0.98385052054879862 -3.8774433344771477 2.5077272642181869 96 81 52 0.14742699772968137 1 91 2 87
486 0.34241622796935006 -1.0297800319585138 2.5166317043110173 0 0 0 0.83279196874665662 1 85 12 81
485 1.7998203851283296 0.47326959923700973 2.7716703942069851 88 84 47 1.5123926339175482 12 89 2 76 13 104
483 1.4883098712240292 -0.47221681558554701 3.1320060967302306 104 97 57 1.8153813677024342 12 74 2 65 13 81
480 2.34656531584135 -4.5420672955114689 2.82748423192277 64 61 30 2.4377703340173338 12 32 24 25
478 2.9980404995997301 -3.0173909656140649 4.6582592577961739 0 0 0 0.84177356184139152 1 35 2 22
477 0.9122670144006374 -2.195899619462792 5.4783068995088939 0 0 0 1.9260371567013319 14 15 2 18 13 12
476 2.4114119325411796 -3.0974401515126395 5.1187256067848068 0 0 0 1.815567915347555 1 29 2 8 13 8
475 1.0022691748513184 -4.1789821649114778 2.4673396079863044 102 108 77 1.6637421675589383 16 88 6 40 18 52 5 68 5 70 17 82 17 85
473 1.570924387257016 -3.295118795006597 2.3873037659933725 73 67 42 0.34779624240778889 3 91 1 93
472 0.68732959773252256 -3.5957955732760447 2.7166148378804134 77 77 53 1.2174406454075255 1 88 2 82
471 2.3796128236759482 -2.6261724324684708 2.5922946552163251 85 76 35 1.6088334151766517 14 86 1 87 13 76
470 2.806912338475823 -2.4948888772361477 2.5218524416046382 101 87 53 0.27254791145850915 14 91 1 86
469 0.20841891275773342 -2.729432975707502 2.8373652492903561 118 113 73 1.21882634653415 3 80 1 83
468 2.9791635221063091 -2.8566786737373788 3.0803153617790966 26 24 13 1.9885527619523167 14 73 1 74 13 60
467 3.2110712203022045 -2.9794047164331761 3.5804308645625031 25 22 15 0.58209411907353126 14 64 1 64 2 39
466 -0.7853515587178328 -3.5927899017975866 3.8865980755378318 97 100 71 1.2989009824818587 15 50 1 61
465 3.2576536849145086 -2.9623909550437664 3.9045922012688972 22 21 13 1.1969517915022463 14 58 1 51 2 33
464 0.3457383019643962 -3.3482219420036445 4.1033838487687344 134 113 62 0.73240285712261444 18 45 1 49
463 3.2175966868993711 -2.8939493783977137 4.1152235997666242 0 0 0 0.4334782573774581 14 50 1 44
462 3.2062234886307448 -2.914129135760982 4.2153175581250188 0 0 0 0.93554922751686431 14 47 1 42 2 28
461 -0.016997945972665362 -1.4946954808638222 3.8201694609070902 174 171 115 0.60288364588321308 3 38 1 39
460 2.746494155935709 -3.060322982465892 4.9571839525946375 0 0 0 1.7022948427175997 14 38 1 32 2 13
459 2.6494791458663576 -3.1043320207975325 5.0279294323509358 0 0 0 1.3621514017880427 14 35 1 31 2 11
458 1.2065373720008143 -2.6704273760875967 4.9205725294980383 22 21 15 1.5945998370905823 3 37 1 30 2 29
457 0.49836998448727388 -2.3753472543901402 4.8266303441011775 143 128 70 0.8883024887689408 14 34 1 27
456 1.6539532475235272 -3.2524317355673174 5.3414277451983319 41 39 26 1.6662304771301799 14 27 1 26 2 19 13 22
455 1.1798361209407688 -3.0883460963614233 5.2328468236704024 0 0 0 0.80632872261620248 14 28 1 22 13 33
453 -0.42979984876539457 -2.3697268541071974 5.4340504033735924 51 52 39 2.3221592942421241 14 21 1 16
452 -1.0474479318007457 -3.5371231291886045 3.8818924318601034 0 0 0 0.4486659241799732 17 14 18 13
451 -0.18718313222501326 -1.6968692810763759 5.7943867419993147 25 28 20 2.1167788179240534 14 8 1 7 2 17 14 9 13 26 14 10 13 20
450 0.10856024359190175 -1.7512790687127693 6.1024047992674557 0 0 0 1.1444087022114613 3 0 14 2 1 2 2 2
448 0.17062747666345837 -1.4627389568380094 2.5056059255215395 152 140 93 0.41845583433504396 15 106 14 101
447 0.23337599631142164 -1.4244304977653965 2.5451819720905835 142 127 75 1.3984100462532261 15 101 14 100 13 103
446 0.29951554839829642 -1.5148812617522791 2.5529207900105879 218 191 111 0.96275001679341354 9 93 14 99
444 0.65431110991360375 -1.4851579311204142 2.8917791171288236 49 48 39 2.8980653032162969 15 93 14 84
443 0.27507711298689547 -1.4356029113643478 3.0349407621021043 255 248 169 1.5948683559666159 15 90 14 79 13 94
441 0.17941098711054571 -1.6688861583306678 3.4664042841145539 251 236 132 1.0667358514378269 15 75 14 67
440 0.88042728570236883 -2.0886390284917389 3.4889556958756689 181 166 88 1.9583924112568973 15 79 14 66 2 62 13 68
439 0.89878961340650343 -2.1248979973891484 3.5769370275883627 166 153 79 1.9455163643397837 15 77 14 65 2 58 13 64
438 0.91224097765915912 -2.0719789646499573 3.6949273238669194 186 168 90 0.71947632020286201 15 71 14 62
437 3.2643748910667152 -2.9644559328205764 3.9900189462815496 0 0 0 0.23514960624361672 14 53 1 46
436 1.0031222427616111 -2.3897265885015697 4.1942023187042299 152 135 69 2.404263905309167 3 51 14 44 2 42 13 46 13 48
435 1.7792167573874806 -3.2288649578495052 5.327279763456918 15 15 11 1.7581180479821139 14 26 1 25 2 15 13 19
434 0.4934294664112866 -2.2092515870647476 5.5464793478041248 235 233 162 0.71654242279334268 3 15 1 14 2 20
433 0.55008363912883917 -2.2243408983118225 5.3804965211761964 180 173 108 1.1821916715896852 15 25 14 17
432 4.3285144289504078 -6.8959133185409627 8.6288174542237339 0 0 0 1.5323146551885449 9 11 20 16
431 0.82299716669211953 -1.9907871900111469 5.819448492202298 47 44 29 1.1891272522304424 3 11 14 11 1 8 2 3 13 0
430 -0.14399727817938532 -1.7035206303792283 5.9520210476860411 44 46 31 0.89628094093153798 3 2 14 5 1 4 2 6 13 7
429 3.2085992017120106 -4.7289675382851808 3.2241982112812297 0 0 0 0.74105018184145688 9 1 22 2
426 1.4801403717690174 -2.0645154490774429 3.3478951408100781 0 0 0 2.1224351099096648 7 86 18 108
425 0.88664818937837719 -3.8292674512664706 2.504891147320202 95 91 55 2.3091202858674089 16 91 3 90 4 81 16 87 3 86 1 94 2 90
424 0.65445834512505818 -2.0077821406749008 5.3460541338581846 78 82 62 1.6983486815722253 17 67 4 38 16 47 15 26 3 16 14 16 1 13
422 3.2399105688260943 -2.8743079741696191 3.6968474457444915 13 13 8 1.5872210208107445 15 87 14 61 1 55
420 0.12479961604166438 -3.9485465186607307 2.9921517131278468 113 101 72 1.0815285603133999 4 65 3 78 1 84
419 -0.15146977729023375 -4.0091821319527341 3.2678920098376136 89 93 57 0.43034150802347487 4 53 3 67 1 81
418 0.31324525679150655 -3.0295463948038095 3.453971447800233 188 191 149 0.18652032981696637 4 61 3 63
417 -0.26433931070823347 -3.9446742256342473 3.3700184972574947 0 0 0 1.7961264801199577 15 67 16 66
416 0.13217617737985182 -3.0022463666976629 3.9345861895877334 197 205 186 0.93522153289352872 16 65 3 49
415 -0.54084784195990143 -4.2529319702019626 3.9822789082975873 40 40 29 0.99510985882030401 15 52 3 48 1 63
411 -0.29558771285162255 -3.1550788704389241 4.4609829906451663 112 131 103 1.8531673722642337 16 40 3 33
410 -0.36949838255453482 -2.3360631624652899 4.0987405880729302 152 175 136 0.64081219268959422 4 33 3 32
405 1.9460328795373081 -4.769327915073073 3.2985543334465759 17 17 10 0.34124895975252856 11 12 12 13 24 13
404 0.76489052510859612 -1.7237591551509774 5.5479332862531852 22 23 16 1.3102312554142008 4 37 15 19 5 54 3 13
403 0.62603566658411769 -8.6810376348138405 8.0434703924301072 38 38 25 0.80066932291846538 11 3 15 9 2 12
402 -0.0070214131857741268 -1.5348428648600299 4.9667561947683785 227 232 172 0.36920654931382335 16 42 15 24
401 -0.83737982498828789 -3.2675035703178823 5.4456835362517513 16 16 12 1.9291295597933624 5 10 17 5 16 2 15 14 4 4 15 13 14 25 14 24
400 2.4522631784827942 -3.2654456781146015 2.493845165151793 28 25 16 0.22104287936764999 4 100 15 103 3 97
399 2.8398005745612784 -2.6064413368018595 3.2186144271162509 34 32 18 1.5740604079769636 4 97 16 107 15 94 3 87 14 72 1 72 13 53
397 -0.4898098399001039 -3.2629103839256914 3.5852414160098722 85 89 60 0.50522216754732474 16 60 15 63
396 -1.2281627629586842 -3.1544522303477511 3.7389542088904117 119 123 96 1.6588710037847711 16 35 15 48 3 35 14 63 1 57
395 0.78855313329955712 -2.8280524052515648 4.7807853768819939 237 224 142 3.4696018164036078 4 49 15 39
394 -1.4359023380905553 -3.5195329335289682 4.1987754248184146 85 69 55 2.1293132455766672 4 13 15 36 3 28 14 49
392 2.675554774235211 -3.9777276939912878 6.005548153683117 0 0 0 2.2613424096154358 10 17 21 40
390 -1.0967466023998904 -3.3771611907488879 4.969994554433228 66 72 54 1.5639786811611951 4 5 16 9 15 22 3 17
389 0.17952502337280124 -1.9019153797392898 5.3031594983445007 237 244 209 1.2489296275285686 4 27 15 21
388 0.30981987220621365 -2.0403232387626478 5.3467268703264308 235 242 210 2.9914425444778581 16 39 15 20
387 0.066214023789815279 -1.9130909941948671 5.3457151522129926 221 237 197 1.7922407416025394 16 31 15 17 3 12 14 14 1 12 2 27 1 10 13 36
385 3.1202616099727387 -3.8915693244489589 3.0811055787430353 0 0 0 1.2374583917189206 10 4 22 10
384 1.7888173862404444 -1.090039033211837 0.15994233769356314 72 83 62 0.34086422506432801 10 87 11 85
382 1.4462621606832229 -5.4044808475259023 3.4914925089017252 0 0 0 1.5114239094492832 8 0 11 4
381 3.2045839800524187 -3.5015347410102975 3.2287656477888023 29 30 20 0.67147184600864995 22 14 10 6
380 0.34973511553522074 -1.1009943380614027 2.9593978317116831 93 80 46 1.9617805622292563 21 139 22 132 10 94
378 0.18650666380440942 -1.4443897847530236 6.176656397659932 47 49 37 0.82785151544533875 22 112 10 79
377 0.27098170231959184 -1.4943695188792505 6.4646535351861605 63 66 46 1.7356755615030948 22 108 10 76
376 -0.68950561384351094 -3.8161049990514808 3.7554517585929315 61 60 41 0.44329419402712855 22 88 10 65
375 0.62220944133952338 -2.5623924233505262 3.0633331043851144 115 127 92 1.363616910607006 9 61 22 107 10 62
374 0.92880623590511724 -1.997030259036179 5.7714471161630332 32 32 20 0.27609885396666578 9 84 10 60
373 -0.22646761290302994 -3.8525923452609949 3.2753435109294906 40 39 29 0.5104636560639213 22 83 10 54
372 1.1096299738336821 -2.455021793355014 5.0080234661685914 64 57 37 0.7146865059901425 9 71 10 50
371 0.54401019737406953 -3.2532244091110303 2.8408408956890741 124 125 92 0.64509794312050106 9 44 10 49
370 -0.18911108145368838 -4.1344447147166861 3.3298509700353098 55 55 38 0.54674463106871973 22 77 10 48
369 0.073386576854926056 -4.1580235130937195 3.1244890436747945 50 47 31 0.55218114605568558 22 74 10 45
368 0.43636680742955453 -4.2447451759353383 3.0851536289848416 89 86 52 0.89090186462811283 22 67 10 41
367 0.87148173211681645 -4.3025876119050448 2.7169482452599722 58 44 40 0.23284238476263691 22 60 10 34
366 0.99231877983272998 -4.2876223781985097 2.6333404331797374 47 41 28 0.62356575748069343 22 54 10 30
365 3.2364400700037472 -3.6033545844579447 4.1606052137331355 16 16 10 0.92450450903181836 22 16 10 9
364 2.8098350836744315 -3.9025536280120683 2.768980756542144 132 118 71 0.55126639455378168 9 8 22 13 10 7
363 2.2182655253955543 -3.899800663495709 3.7120942625189208 232 208 115 1.652041720817607 9 22 22 26
362 -0.68381223297035532 -3.0697347313761831 5.6037187696754502 11 12 8 1.6809800275962334 17 11 16 4 4 6 6 28 5 12 17 8 4 3 15 11 3 10 12 1
361 0.59543724856549374 -1.1230668366171319 2.6269557760554409 81 75 39 1.2953335248206999 21 140 22 133 13 102
360 -1.1536228595657776 -3.0801832010332491 3.9076459532907521 137 142 105 0.91320139912919962 21 110 22 118
358 0.72304448869398252 -2.4579750863558347 3.1652369583478466 156 164 121 1.4877512925970979 9 66 22 106 10 64
357 -0.88137730291726757 -3.2322559401570619 4.454016979285198 112 115 83 0.93125217679033478 21 100 22 104
356 0.79501889064618125 -2.3944886093032012 3.3492204813624951 175 171 105 1.9224321848858241 9 67 22 102
354 0.53667997176996429 -3.4529309710570484 2.9755139949280345 131 140 101 1.0771389915020284 21 74 22 79
353 1.4296830873307393 -5.1393047872732973 3.3035403983077209 0 0 0 1.0834327139711204 9 12 22 24 21 15
352 1.7410955364337415 -5.0991452341766532 3.4386263610290215 0 0 0 0.41221815374213611 21 12 22 20
351 0.67793628148075025 -1.0413316206689145 2.8078742950426903 102 93 53 2.0731615358640121 19 152 21 141 18 133 20 143 19 150 7 104 6 114 18 132 17 126 17 127 20 142 7 105 8 104 21 138 11 90 22 130 10 92 10 93 7 107
349 1.2301834442778874 -3.9341203512860812 2.9752530835274302 218 192 111 2.1910118855485248 9 25 21 37
343 1.581113425984763 -5.1011692276956122 3.2591215002506435 39 39 24 2.114714587679857 20 4 19 23 21 14 8 2 9 10 12 4 20 2 21 16 11 6 24 3
342 3.1651210703953083 -4.0042542871072291 2.7282040071300471 59 53 31 2.0871748591008381 21 20 9 3 12 50 7 52 20 48 19 87 6 97 21 17 10 2 24 58 12 52
341 1.5490329565260279 -0.75825874283679329 2.301959271479384 67 69 55 0.42934373790897884 11 93 12 90
339 1.5272010178089461 -2.4025996688751317 3.568965255187885 129 110 71 0.64895824918403078 11 54 12 54 24 62
129 -0.030740459725530439 -2.2848927985372489 4.5147086025223357 162 189 149 1.0542273704288068 6 56 5 37
128 1.1521970698910455 -5.0936447761560562 3.2701290218270604 76 78 53 0.33437764186711777 19 8 6 29 18 35
127 -0.9715912613725175 -3.0107490387817775 4.0819707162805079 164 186 150 1.4894083671681015 19 58 6 16 18 22
126 -0.85243913626941348 -3.3884108272562501 3.8951090476745378 145 141 99 0.75803851349214535 19 43 6 15 18 18
123 1.8472861492047412 -2.1868746793202671 3.8106542630373217 23 24 14 0.77508876634380142 7 87 8 87 19 122
122 0.81086847180629029 -1.4226266754971173 2.9947993169504286 107 94 52 1.4523283668577447 7 99 19 140 6 103 18 119
121 -0.062548470836207251 -1.6107686376769841 3.4497965016744221 90 104 77 0.012527237871421446 20 126 8 94
119 -0.21022823196272691 -1.9452991775257129 3.6478523899918507 36 39 32 0.69106765896762734 20 117 8 90
118 -0.49821882260916905 -2.8220446789328206 5.6677744237658416 38 40 31 1.9373971178055696 7 59 6 39 5 17 18 36 16 10 17 13 4 7 4 12
116 -0.72392280960543232 -2.712825804620199 4.7998935484206857 52 57 44 0.10400291253735645 7 51 9 83
115 2.3692265324313757 -2.3654339410614749 3.0784020215626335 76 73 43 2.1919920957092915 7 85 8 73 6 117 7 84 18 115 5 104
114 -0.88391053042876866 -3.0724041929070141 4.2654693421524863 58 59 42 1.6021662699421315 20 84 8 68 9 73 10 74
113 -1.3385408778852701 -3.2127745154672964 4.4737245485194412 111 114 85 1.2775026484146186 7 30 19 46 8 64 9 76 21 105
111 -0.12787436625679319 -3.1228332962227898 3.465180583210675 164 168 109 0.76121439846714734 20 81 8 54 21 94 9 58 10 67
110 0.41665365728423681 -3.3078569246268086 3.5637622672601932 171 175 129 1.5832209916578046 19 69 8 48 6 46 9 48
109 -0.33614357283728119 -3.3334986808288303 3.4701719317551611 164 170 113 1.0556706825414064 7 29 20 71 8 45 9 56
108 -1.2094619809577072 -3.7712668638708093 4.1427093670066011 18 17 11 1.3985889290923901 20 63 8 42 11 47
107 -0.40269680730114771 -3.4770335948549089 3.5298248475842606 152 154 98 0.92187285311223077 7 26 8 40 19 48 6 21 21 88 18 32
106 -1.0644769695093554 -3.9553048569246072 4.1879974919731113 18 16 8 0.25249419398056783 20 57 8 33
105 -0.073900136808991532 -4.4944035377265497 3.6596693319615055 21 20 15 1.4113965484887152 7 3 8 18 21 52 20 32 9 31
104 0.65459849287302363 -4.6207364492170386 3.1574408785747763 64 68 47 1.1867256376942696 7 9 8 10 6 26 5 49 9 21 20 14
101 1.3522068401407419 -5.1397032990287528 3.2868770402087217 21 21 15 2.1356548631256542 19 10 7 4 7 10 8 1 19 11 20 0 6 34 21 19 9 13 12 2 20 1 24 0 24 1 12 0
98 0.29653875358376308 -1.0329321301884999 3.4182716785464291 55 54 41 1.4983898521591852 19 143 7 101 6 100 18 116 17 113
97 0.52129051961934658 -1.4811025348509979 5.5855577279072346 58 62 50 0.55621960920638158 19 117 7 98
96 0.057346456397366859 -1.5528800731182721 5.7828416752379672 16 16 13 0.43050084901618813 19 113 7 95
95 2.1590609358704134 -2.2618683764068663 3.5806378271876378 57 53 30 1.147013290227215 20 102 8 80 7 89
94 1.8854877373238241 -2.1621058907941753 3.6222366817437668 58 56 35 0.098835415323960674 7 88 8 85
93 0.29274508783089553 -1.6658803910522766 3.4369977889491228 185 205 158 0.59889056120613249 7 81 6 83 5 65
92 0.09392578299604494 -1.8339233054436206 5.9132316012844095 107 122 98 0.66379811695182389 19 103 7 80
91 -0.042034809329061104 -2.0770558433752631 6.0263078659638367 72 80 65 0.65153507855729986 19 95 7 75
90 -0.14701942934681086 -2.2596883677768189 5.7833649838344519 28 33 26 0.20897549807327095 19 92 7 70
86 -0.86005802175747426 -2.8978329972887282 4.8355999686709819 40 41 34 1.4715677761021224 19 66 8 76 9 81 22 110
85 0.45594068678867333 -3.4031717063825684 3.4688215976704462 155 164 114 2.1915561246302864 20 68 7 39 8 38 8 43 6 43 18 51 17 73 16 75 9 46
84 -0.85822765388799271 -3.1202916379676533 4.0016892992096196 161 172 131 1.8614486620611312 19 54 7 33 6 17 18 24 18 25 5 14 4 24 17 22 19 55
83 -0.23786764363903298 -3.4794406925920094 3.7694960681807346 158 166 106 2.0994718354155353 19 50 7 32 18 37 5 26 17 41 16 59 4 42 15 61 3 52
82 -1.4365022975764317 -3.3601504224287377 4.4848128131433036 37 37 29 1.4828846564953426 19 32 7 28 8 60 6 5 19 37 5 0 17 0 4 1 15 30 3 20 14 43 1 41
81 -1.45378447584534 -3.4744417219564587 4.4356067346236205 20 20 16 1.8785811849848857 19 29 7 25 8 55 6 0 6 2 18 4 5 1 17 1 17 2 16 12 16 13 4 2 15 32 3 24 5 2
78 -1.146840003810724 -3.8985397431196871 4.1343813055021084 37 33 20 2.0575094817725108 19 19 7 14 6 3 18 3 19 16 5 6 4 20
77 0.54799436038922977 -4.632747711284785 3.4089551125651401 48 52 38 1.0971725822978418 7 11 8 14 6 25 19 20 18 28
76 -0.48396404962200135 -4.370650192894427 3.8947686189372193 67 63 43 1.4363948558219388 20 42 7 8 8 23 6 7 18 7 5 16 17 19 4 40
73 -0.33308116351302908 -4.5275507355083331 3.936776453768235 20 20 12 1.6873621632367426 19 3 20 33 7 0 8 20 6 9 18 8
71 0.64314412982983282 -0.93949543782081868 2.9280945977242818 120 111 82 1.3126560401662368 19 151 18 134 7 106 17 123 6 116 17 122 20 145
69 0.70685108583313394 -1.1307188973463389 2.8554205259030501 141 128 73 0.93918408735311032 20 140 19 147 7 102 8 102 6 111 21 136 18 130 22 127
68 0.79681289796897115 -1.1695642742968542 2.8096209551268205 44 41 21 1.6586194433088404 20 139 19 148 7 103 8 101 21 135 18 127
67 0.28977612710268652 -1.0870314974774373 3.5110877157301257 59 69 53 1.6702092228308447 19 141 18 113 17 111 16 89
65 0.082617001520853106 -1.2760252907100254 3.2466375991680305 85 100 82 1.5222270698378029 20 135 21 133 8 100 10 95
63 0.71968804225733485 -1.5409681107067916 3.2474683838350376 75 77 50 1.5808384068257086 20 132 19 135 8 95 21 128 7 96
320 -1.3136908699298273 -3.3503794269241887 3.9939683545912095 63 63 50 1.1163355598060372 21 103 9 72 8 53 20 73 11 52
60 0.90496762148344867 -1.8270775078915911 3.4548016022192187 53 50 25 1.6176536684307579 20 120 19 129 7 82 8 91 6 96 21 121
29 1.6644661216490044 -3.4941259369887905 2.5556028824822432 204 218 156 0.62907529071166768 20 62 19 84
28 1.2526360764115019 -3.503422025155972 2.5321271700168286 147 135 68 0.83130390062594373 20 61 19 73 7 37 8 27 6 59 21 59 5 80 9 26 10 36 22 68
27 -0.43609096908052963 -3.6861454696296443 3.5052021077702409 140 137 79 1.4336265619131399 20 60 19 35 7 19 8 30 6 19 21 80 8 34 18 23 5 22 17 35
26 1.581797310160407 -3.5239959220621295 2.3995431099130999 188 182 122 1.1061365966249339 20 59 19 81 7 41 8 24 6 69 21 45 9 23 22 61 10 29
283 1.7898533577167079 -3.8860847873201672 2.4275424811010522 68 62 37 2.413823103288411 18 81 5 90 4 92 17 107 18 77 5 87
25 0.82271690574326162 -3.5805432934232466 2.7528814610369334 221 231 181 1.5239532520608727 20 58 19 65 8 26 6 49 21 62 18 67 5 66 17 84 9 33 10 43
282 2.7937170646426193 -2.3286868263503369 2.4702307786696411 99 86 50 1.1344170972102938 16 120 4 104 15 110 14 94
24 -0.091948341865579264 -3.8901129663724223 3.4549715595779618 139 148 109 2.1150829083343314 20 56 7 20 8 28 6 22 6 23 18 27 18 29 18 33 17 45 17 47 9 42
281 1.3745729155799369 -3.5458053512288421 2.4118817155161349 57 56 33 0.095462068062419012 17 101 4 90
23 2.8990298637602345 -3.8473828739984608 2.8392679624345281 31 28 21 1.8646038366866631 20 53 19 89 8 22 7 55 6 94 21 24 9 9 12 51 24 57
280 1.7874632380619047 -3.0364673303837044 3.5200191561764362 204 186 112 3.1727271849957948 5 89 4 79
22 0.85184670004315943 -3.8852339378049723 2.8306298805164678 179 172 124 1.1539553093808206 20 49 19 52 7 27 6 42 18 54 17 80 11 35
278 0.52869170571911983 -3.7999561274103959 2.8933029311019021 85 91 61 1.7201413908569998 16 78 4 71
20 -0.61182406440747927 -4.1578092233269226 4.0072899493015406 22 21 14 1.3731675682515532 19 17 7 12 8 29 20 50 6 10 18 9 5 15 4 34
277 0.71698906699288756 -2.5178134862136488 3.5212220845910989 216 228 199 1.7433306010408458 6 68 4 69
19 0.46895752533214324 -4.0118908881323065 3.0503077065391655 129 132 90 1.4098763727900145 20 45 19 39 7 16 8 21 6 31 18 43 17 68
276 1.8942817537049714 -2.5125012485710969 4.7901381277004988 0 0 0 0.52608159279303846 16 74 4 68
18 0.71272765962434148 -4.0606743675564205 2.9456591544032089 229 233 176 1.0601637817286091 20 44 19 41
275 1.7267414635015934 -2.7705426178369148 4.9793549892870939 32 30 24 0.71344967098517476 16 70 4 63
17 2.8581703629769195 -4.1687425634306816 2.8129168169901728 45 41 26 0.97400744913136761 20 39 19 76 8 17 21 18 9 7 22 9
16 0.86468566288162374 -4.0405613126103246 2.657622806167085 177 190 139 1.7907179264707682 20 38 19 45 21 36
15 3.1940174146699438 -4.4798202231175992 2.8016950909469185 19 15 11 1.7475465391287888 20 26 19 70 7 40 6 88 12 31 24 33
272 1.2774476595092132 -2.9056082387758804 5.0520742294793965 177 176 118 1.2012122897386526 16 63 4 52
14 0.80146486176259901 -4.5135343977849054 3.3086523496224838 143 154 114 0.67402556505601419 20 25 19 25
130 -0.11077490592908452 -1.9551679463766791 5.9831048028265217 23 25 19 1.6063635366642208 19 97 6 60 5 27 17 32 5 28 16 15 16 14 4 10 15 2 3 3 1 6 14 7
131 1.7889803133540996 -3.2864500069691585 3.6980009849007116 211 204 127 2.3327603099467105 8 51 6 77
545 2.9389954590665059 -2.0423873556521794 4.5448350166493539 34 34 26 2.340614621694145 11 59 24 44 11 56 12 35
4 0.97537871314132196 -5.0690041618258421 3.3048031024380697 25 23 18 1.8643810340101588 19 6 8 5 12 6 18 30 24 10 12 9
261 0.27685081376742132 -1.5843099767990783 3.2394643795060492 223 240 215 2.8250285971707072 17 106 16 86
132 0.28012172769274185 -1.2900374498671383 2.7797253863948361 198 202 154 0.17821055976003614 7 97 6 98
5 1.7472585857065297 -5.0388928012239136 3.2509472629355316 12 12 7 0.90036158850211012 19 26 12 7 20 6 11 7 24 7
262 1.3129331376568016 -3.9210408991187209 2.5985408300298412 68 61 44 2.0771640164753919 17 89 16 92 4 87 5 73 3 89 1 90 2 77
6 0.43769247338800232 -4.8436121705791768 3.7387663795919557 21 20 11 0.45944557261039365 19 5 8 15 21 33
263 0.37692707532147396 -1.6352513196597984 3.1019688618183441 182 191 162 1.9690846407379756 18 107 16 94
134 1.5660173625856892 -2.2582555623204041 3.0574588901650581 0 0 0 0.11809789654363947 19 123 20 108
548 2.5042505715751551 -2.6283353857061829 4.3983168809360729 0 0 0 1.7063672015376306 11 49 12 27
7 0.335860081270627 -4.8206941826746901 3.7566757374143922 43 43 27 1.7119035735434236 20 12 19 4 7 6 7 7 8 16 6 20 18 17
264 -0.94098564327164036 -3.2239507644461258 5.2817841878468137 14 15 12 1.7238181373113279 6 24 18 16 5 8 17 4 16 3 3 14 15 15
8 2.1973189609085546 -4.6036245610358097 2.8910095331629178 21 18 12 1.6601599216627534 20 15 19 49 6 62 21 9
265 -1.1205991715189554 -3.531516080551317 4.6991604404286047 75 83 61 1.5271789899509636 4 8 15 29 3 19 14 40 1 40
550 1.4455461351904761 -2.255595900497636 3.3718595031187104 164 145 81 2.5357550002081473 11 57 24 69 12 56 11 58 24 73
9 1.1018869928260162 -4.5311221884506709 3.0426162191648678 153 176 124 1.8110216288306684 20 17 19 30 11 16
266 -1.3175432161890817 -3.4477818207353943 3.9085598870768679 141 141 108 1.1453706513459647 5 5 16 28 4 17
10 2.5389695087895467 -4.5047307779054826 2.9112899014642002 8 8 5 1.02270005189365 20 19 19 57 7 34 8 8 21 7 9 5
267 -0.92367333545805519 -3.4507171359040743 3.8882832439855073 102 101 72 1.7790068960774121 17 16 3 42 15 47 1 56
11 2.6676600769617651 -4.4654183746254636 2.9025017887165059 30 28 16 1.8143826052540579 20 20 19 61 8 9 7 36 6 73 21 6 9 4 22 8 22 11 10 5
268 0.15994268090248376 -2.4146941409073412 5.0522291276605991 185 212 175 1.812909428605495 6 57 4 32 15 28 3 18
12 2.8540195221860598 -4.5283651320637954 2.9258951703174674 23 22 12 1.5436039869494211 20 21 19 64 12 26 6 79 9 2 22 6
269 0.67149368165535561 -4.3938233874318273 3.9466086585155145 0 0 0 0.28092746343741393 6 32 18 38
13 1.3563230385262932 -4.3997955840085847 2.9151959633391327 90 88 45 1.8200335778898105 20 24 7 21 11 19 19 42 8 13
270 0.92702080640197571 -2.226200343279523 5.1804903038284422 30 28 20 1.69223529829686 16 58 4 45 15 34 3 25 1 17 1 18
30 -0.43358779248529183 -3.7551206402498125 4.0542960949817717 156 151 96 1.3967756109714113 20 64 19 34 18 19 5 18 17 24 16 46 4 36 3 46 15 49
287 3.2419038269735698 -3.6093831925036648 3.8170861366157975 41 39 23 0.50893904940279444 9 17 10 8 22 15
31 0.58793826384559678 -3.5251033322054801 2.9596973176040153 223 241 186 1.1282787628530431 20 65 19 60 21 71 22 76
288 2.5972011513550299 -3.1557051818784019 2.6811941904416612 155 141 83 1.1343692627985813 21 44 9 20 22 35
32 -0.9040446532575499 -3.4817868776878735 4.0236232586304448 143 137 89 1.0962218391992185 20 70 19 38 8 50
33 -0.74773360841798375 -3.3924245057533349 4.2700567415159281 154 154 107 1.1633990035146746 19 47 7 31 6 18 5 13 4 23 20 72 16 32 15 38 3 31 14 48
290 2.1429296293695046 -3.4559099666959456 3.1557578152167638 246 220 127 0.84541398619395336 8 32 21 42 9 24
34 1.2940196117564471 -3.2227405477063318 2.5216385044944674 180 168 100 1.5026008658962375 20 74 19 90 7 44 8 31 6 65 21 68 18 84 5 84 9 30 22 72 10 38
35 1.0579333185675064 -3.2151307587091109 3.1528626121783625 243 224 161 1.1458794491808471 20 76 19 83
292 2.7600406944680005 -2.5996613569141145 3.9071495320805703 79 70 29 0.035193901861467224 8 74 9 38
38 -1.2169696028440062 -3.0140554493332123 4.1886835650537462 72 78 61 1.6037631200076652 20 83 19 53 6 14 21 112 9 79 22 119 11 60
295 2.2152687228257522 -2.2006406717048255 3.2840974729025239 58 54 31 2.1177889714693885 8 78 9 49
40 1.0913394072645222 -2.9198003092677398 3.0369672605161835 243 226 156 1.1633171534850404 20 86 19 93
297 0.48858673974441813 -2.9237814702859857 3.0696212013700319 153 156 103 1.1700783497994918 8 56 9 51 10 55
44 2.4056886348654007 -2.6890670373631904 2.7245334727556183 78 68 46 1.0243848834668119 20 91 19 119 7 73 8 57 6 108 18 114 22 55
45 2.7610996425706147 -2.6814510904066875 2.428839844574989 35 31 16 1.6166501309041372 20 92 19 128 7 74 8 52 6 119 21 63 18 118 18 121 5 105 17 128 4 103 16 119 15 109
46 -0.11527682456105337 -2.6575196557653467 3.897701451869684 227 246 198 1.753350626000614 20 93 19 88 7 53 8 75 6 44 21 109 18 55 9 77 10 70
303 -1.1271072893002794 -2.9854443232627377 4.2146284735047832 45 49 34 0.93132603561005689 21 111 9 80 22 117 10 86
48 2.1433749592007092 -2.4333215466821447 3.0564752633496384 57 52 31 0.92442019922574237 20 97 19 126
305 -0.3897286232768295 -2.4677717245140358 4.1497739073891218 66 71 52 1.3909028725665566 21 119 9 85 22 115
51 2.8032221652755798 -2.4022261827747933 2.4247495056474664 56 49 29 1.6029831091576647 20 100 19 131 8 61 6 122 21 76 18 126 5 107 16 121 12 77
55 1.0606654365765047 -2.2441909971259006 3.7452160716920462 97 93 63 2.0101818469307653 20 107 19 114 7 72 8 84 7 76 21 115 9 69 8 82
312 0.62134197088147392 -1.5753425101944665 3.3746490845727237 100 101 69 2.2005484798599464 20 129 9 88 18 106 21 127 20 127 19 130 10 82
57 1.3976170463506894 -2.1815657956817369 3.7648314334082293 69 67 52 0.39974600996237702 20 111 8 89 19 116
314 -0.25982691490886384 -5.7344315244445161 5.5974464140519427 0 0 0 1.7853678513775151 8 19 9 27
58 1.5416445799348375 -2.1887212013459076 3.8940010519648136 60 59 41 0.78429271672092349 20 112 8 86 21 104 9 65
135 2.0258631128426443 -2.2058636911181417 3.7982684438401981 0 0 0 0.72917782373333728 8 83 20 109
136 2.3891743844125504 -2.3035104207720551 2.685588868664583 45 41 27 1.7642886881459543 20 103 21 89 18 122
138 2.1803957402390415 -2.4675795232868363 2.9219519141757164 67 63 40 2.4764021476529399 19 121 7 77 8 70 6 104 20 98 19 127 7 78 8 72 21 84 9 39 6 110
139 2.7664165097985873 -2.3262670694722098 2.3907076707198169 43 36 20 2.1922663769339037 20 104 19 133 7 92 8 65 6 124 20 105 19 137 7 93 8 66 6 125 21 79 21 82 18 131 5 109 18 128 17 130 4 105 9 29 12 80 21 78 15 111 3 98 14 97 1 89 14 96
140 2.6134800791707296 -3.0621041371583306 2.631348371562797 44 40 28 1.858331700885627 20 82 19 109 7 66 6 102 20 79 8 36 21 51 21 53 18 109 5 103 17 119 4 101 22 42 10 14 15 100 3 94
141 2.8292583334036632 -2.3274102923731452 2.7670011093966185 34 30 20 1.8503925340079557 19 136 19 132 6 123 6 121 18 125 5 106 17 129 4 102 15 102 16 117 14 82
142 3.3274900365246554 -4.3306968431579529 2.7455606197309979 67 58 35 1.936674709487842 19 77 20 34 7 45 8 11 6 93 19 74 19 78 7 46 8 12 20 30 21 1 9 0 12 42 22 0 22 1 10 1
144 3.0329822584150627 -4.6427401555721497 3.0951357285138155 48 43 26 0.56525949428878508 8 7 20 22 22 4 10 3
145 3.2524718242858675 -4.1042716853303407 2.5304696843432981 41 41 19 1.8796154729524635 20 40 21 5
146 2.0997344859866183 -4.8332459523669264 3.2223623891836981 13 13 8 2.3092500079624374 20 9 21 11 7 24 22 17 10 10
148 1.2616462342106549 -5.1708161752409243 3.454931669572852 0 0 0 0.6394255890565721 20 3 21 21
149 1.6023602624582411 -4.568180387772486 2.8075231351204057 106 94 57 0.58815358310847277 20 10 21 23
150 1.730361557373761 -4.1873323067164252 2.5158939583033981 165 161 110 0.3662120604683628 20 29 21 26
151 1.6683775252918964 -4.2572039777903647 2.6762945061543371 159 161 110 0.3773985614441584 20 27 21 27
152 1.4496647373877152 -4.3187418492034126 2.6847228238277556 122 112 52 1.1031310863517116 20 23 21 28
153 0.63977729395735716 -4.8160485531171817 3.6066798055536409 85 84 54 0.03018253504791938 20 13 21 31
155 -1.3330015559410493 -3.2258880198897182 3.9451826880923768 45 46 36 0.59898532477090516 20 77 21 106 9 74 11 55 10 85
156 -1.2429441113401327 -3.2048882439778774 3.9807927600014059 150 158 118 1.2465481996667171 20 78 21 107 9 75 22 116 10 84
158 1.1454569674262705 -1.9138998615724758 4.2300578465542955 69 63 38 1.7674922082306885 20 115 9 82 10 58
159 -0.16171672949582824 -1.8696828206501803 3.8698092903961174 98 112 97 1.6525678453826533 20 118 21 123
162 0.82975684071520173 -1.2673878201492967 2.9147699066781363 11 10 6 2.0765974587634162 20 136 19 145 7 100 8 98 8 99 6 107 21 130 20 138 21 132 22 125
163 0.59260521988622117 -2.9257421218005066 3.7953739667259589 159 170 124 2.3074258943699086 20 85 19 86 7 56 20 88 7 58 6 58 8 67 17 78 18 70 19 91 4 59
164 0.84814529320640741 -2.3579698505637361 3.5235381492783455 139 142 104 2.0284083643721513 8 77 21 113 20 99 19 108 7 69 20 101 19 112 7 68 8 79 6 74 6 80 18 86 18 89 5 71 21 108 9 68 22 96
165 0.57781830725584138 -2.6513949898469802 3.4632576707731277 168 182 135 2.0522221189601666 8 71 21 102 9 63 10 63
171 -0.49034094575112447 -3.189403526388404 3.9398010443585774 233 243 169 0.41265692048549751 19 56 18 39
173 -0.10433419304099809 -2.410306142939024 5.6974144419859867 18 19 15 1.5694614312472654 6 54 18 46 5 25 17 25 17 31 16 22 4 18 15 10 3 7 1 11
175 1.1565828502399926 -4.157842322486518 2.4726234084627232 78 83 53 0.52794285445586642 6 47 18 58
176 -0.02884114848321289 -1.8087451897336875 6.0684252995487524 26 27 19 2.0785170083745013 6 63 18 63 5 30 17 33 16 17 16 19 4 9 15 0 15 1 3 1 14 3 1 0 1 3 13 3 2 4 14 4 13 4 13 2
178 0.71943861602902826 -3.3647377768888829 2.9295206426313989 199 216 171 1.2160448097667886 6 51 18 66 5 63
180 0.34313321534784141 -1.4362773415402827 5.7144483362933887 19 20 15 1.9652118466287665 6 82 5 45 17 56 17 61 16 30 4 22 16 34
181 0.41091192249643271 -1.4004013045132389 5.5810475071440253 34 36 29 0.81834154345867993 6 86 17 64 16 36
183 0.89267486520097072 -1.8201601504295764 5.4874268547319405 74 76 68 0.54720427242356351 6 89 18 82
184 0.46591196860699446 -1.460454490658049 5.3420829139167472 15 17 14 1.8380940611310097 6 90 18 83 17 72 16 49
185 1.0043478726945205 -2.6737626615038792 2.8129746909923523 163 165 118 1.3960700131758517 19 99 18 90 17 102
188 2.4080697946453853 -3.3944195199358456 2.4565437384872184 47 44 26 0.90868519922125224 19 94 18 97 5 98 17 116 4 99 15 104
190 1.5857393151072097 -2.1860646175131806 3.2666438977259493 34 33 23 1.9771155306295924 20 114 18 110
191 0.47677933511712756 -1.2085382984909052 3.1171372949042482 234 232 192 1.4888832269038501 18 117 17 115 19 144
192 0.5945676142909192 -1.2746222447772368 2.9985695251418063 235 239 180 0.61410592687898014 21 131 18 120
197 -0.7881312161695847 -3.1631631765685806 5.4986947128331201 19 21 16 1.3420435079736213 6 27 5 11 17 6 16 1 12 3
199 -0.33960668874268263 -4.24011570205644 3.7015665963833673 147 141 81 1.5148818208486912 6 12 5 21
203 -0.0042625419311389506 -2.9643160354065414 3.9294217721456248 233 251 196 1.8470392282615795 18 48 5 39 17 54 17 55 4 41
204 0.31052724994843794 -1.5587440626165654 5.9033045895902587 76 75 55 1.8270343362338604 6 78 5 44 16 25 17 51 4 21 15 7
205 0.52481044185267611 -1.4447860084499979 5.4880158466513764 53 57 42 1.8419204321156546 6 87 17 69 16 41 16 45 5 51 4 28 4 31 5 52 15 16 3 8
206 0.68610018803209449 -2.8321493346599955 3.7637023081682415 194 207 159 0.010288224791646854 6 61 5 58
211 2.0337189096947261 -3.6112574475637582 2.3655727998593563 61 53 30 1.0311681553805354 18 88 5 95 17 112 4 95 3 93
212 2.1278930704304493 -3.5390034756390976 2.3716661228737732 42 36 17 1.553889590875134 18 93 5 96 17 114 4 96 3 95
213 2.3218634183845337 -3.5304078801610062 2.4336821329051941 57 52 32 0.65565932131255089 18 96 5 97 4 98
214 2.5766578947862824 -2.3725747216094772 3.6210303635662853 43 38 24 1.1187400446972682 5 101 16 103
215 1.1018878196783277 -2.6941433551940843 2.7478878369010609 164 155 101 1.8069096313888022 6 81 18 95 5 86 19 100 7 61 6 75 18 91 17 108 17 109
216 0.19550442515736921 -2.93842083660391 3.8908232459644085 201 207 132 2.2751663561338051 20 89 7 50 8 69 6 48 20 87 19 80 7 48 6 45 5 43
217 -1.3485719506648226 -3.6972923722569391 4.3206339936503602 37 38 25 2.6170219363966782 18 2 5 3 6 1 18 1 19 24 7 18 16 20 15 35
218 -1.0130349884084455 -3.3228583886811962 5.1909005647216233 50 51 36 1.472996842650524 5 7 17 3 16 6 15 18 16 5
220 -0.57330297506362338 -4.0380684560155249 5.1464532240679199 213 229 169 0.54473127541068966 18 11 17 9
221 -0.39400974780831033 -3.6234995710292872 4.5629531079679717 228 245 197 0.47620316104822302 18 20 17 21
222 -0.072001482109118109 -2.2414932469532838 6.0508115313877786 61 63 47 1.6258337917672538 18 49 17 27 16 16 4 11 15 4
223 -0.24503482151804917 -4.188348731790545 3.4216535637423378 81 81 47 1.4042653123410938 5 24 17 37 4 47
224 0.0010634666019133064 -2.9490486455662785 4.6998265787839495 255 255 251 2.1677895768598989 17 40 4 35
225 -0.1600564997722467 -4.1755886885389533 3.3606655192658823 83 85 52 1.2007854073910316 5 29 17 42 4 50
226 0.024453248646333293 -4.3305046816427595 3.3032310574704016 76 78 47 0.55063122827604016 5 33 17 46 4 55
227 0.26314814993277519 -1.6395396310092734 6.0300162484298339 51 53 44 1.8914227520357205 5 40 17 48 16 24 4 16 4 19 16 23 15 5 15 6 3 4 14 0 1 1 2 1 13 1
228 0.11373487416637552 -4.3036829708890574 3.2093879372066212 68 79 62 0.44989600484159253 5 36 17 49
229 0.27390232600160663 -2.9397334112394553 4.1261351428986037 227 248 199 2.6984538973946659 18 59 17 58
230 0.36329642958318875 -1.875793636981492 5.3233314798688118 191 203 165 1.2152338788483037 5 47 18 75 17 59
231 0.35133697202097713 -4.2255048524520769 3.0056410008523495 71 71 54 1.339172462092167 5 46 17 63 16 73 4 67
232 1.2996479440145607 -2.5015538120754455 5.8151502318352337 121 131 106 0.71600033465894786 5 57 17 65
233 0.39316971406948542 -2.9458199439091293 4.0452958671926451 197 216 163 0.88631538311250302 18 61 17 66
235 0.42248441244657725 -2.8701259357382036 3.8705303295595868 175 186 145 1.3485234625968021 18 65 17 75 19 85
238 0.6828844778977069 -1.9725532491224209 3.3135231046443252 139 140 115 2.4879464515619203 18 98 17 95
239 0.23870313342741123 -1.2586884602303676 3.6711520872162384 139 148 113 1.8138160659519933 18 104 17 96 16 80 19 134
240 0.55187916106567791 -1.6920563810512181 3.3682120320491986 212 230 197 2.1122149964340391 18 102 17 99
241 0.28222991350778209 -1.1621771325190626 3.6193069756991885 48 50 39 0.32275282205956551 18 111 17 103 19 139
242 2.1736350801821303 -2.5846920086966523 2.8919222814293688 85 80 45 1.8703173302769827 5 100 17 118 18 112 4 94 15 95 3 88 14 80 15 96 1 80 13 72
243 0.54444490052587224 -1.1980859068713436 2.7256610867366153 78 73 30 1.2584775419248624 18 124 17 121
244 -0.88477420209538349 -4.138767958232866 4.2706759489369706 21 20 12 2.2126717352585761 6 4 19 13 18 5 5 9 17 10 19 14 6 6 18 6
245 -0.30467375900671145 -4.417531525719367 3.6379709486882694 43 42 23 2.3561681448700829 19 0 7 1 6 11 5 23 17 26 19 1 7 2 6 13 18 12 5 20 4 44 3 60 16 57
246 0.140924096330973 -1.7340856907821613 6.0921864416312825 25 25 17 2.3728777248597348 6 70 5 35 17 44 6 67 18 68 5 31 17 39 16 21 15 3 14 1
247 -0.0073598053107123149 -3.249094639998785 3.9031155936703268 230 245 178 1.3144198795133673 5 34 17 52 6 38 4 43
248 0.94303392424792964 -2.7413298541406919 2.667780028332627 158 151 100 2.1743540914259656 18 92 5 82 17 104 17 105 6 72 18 87 5 79 16 100 19 96
251 -0.63265603478749144 -2.8743394993406235 5.5758389621438518 39 43 32 1.7976230151078552 17 12 16 7 3 9 14 23
252 -0.1915245706289857 -2.1750588289004869 5.8222544342743889 62 64 48 1.2636619972397098 17 28 16 18 4 14 3 5 1 9
254 -0.87466412315657938 -3.5343925300060755 3.7745150456624534 18 19 12 0.97347043443228098 17 18 16 44 4 29
256 -0.27977252568930072 -2.3652004789452712 4.0107680251146132 217 239 201 0.27308518545353488 17 57 15 51
258 -0.05222704253493847 -2.8689712250595267 3.8195916582322669 177 192 149 1.5333923284297615 17 60 16 64 4 46
259 0.7882084116471707 -4.1770506193676855 2.6369819077607297 25 30 21 1.515760179248782 17 79 16 81 4 75
293 0.39409378066779088 -3.7036042847231392 3.3897626478578253 135 133 94 2.4215771255639553 21 67 9 40 22 75 10 47
294 0.96757450248216259 -3.1013525764569376 3.0773418353619615 251 219 140 1.9366664215261167 8 46 9 43 22 78
296 -0.73624885764459302 -3.9096429025435993 3.9988448191034829 89 86 57 0.47363149816246297 21 77 9 50
298 0.40575172911004193 -2.9319579163811755 3.3729585655616012 175 175 129 2.0662848318160414 21 93 9 54 10 59
299 -1.1353529174246411 -3.6438007347584795 4.0767377853037372 40 35 22 2.3332791293616819 21 91 9 59 10 73 21 92
300 -1.0730498084113378 -3.4438893392463568 3.810250694756808 37 34 23 1.746596171475272 21 96 9 64 10 77 22 111
304 -0.47004493556597426 -2.6615119602812611 4.2431512059440335 17 19 14 0.33962290604222506 21 117 22 113 10 78
306 -0.43974394398314925 -2.3841015466153466 4.3529715666770805 66 75 56 0.66135839290782694 8 88 9 86 10 81
309 0.06201111453384351 -1.4912712573074232 3.3284078001412927 14 16 12 1.859926733323283 20 133 21 129 9 94
310 0.12004771688893295 -1.1607517292040241 3.4095941723818051 51 49 35 0.39261232056724354 8 103 9 98 20 137
311 -0.11284709475566959 -1.749033160762445 3.6171408573822181 89 102 81 1.4936726962176516 20 122 8 93 21 126 20 121 10 89 9 90
316 0.32773940816646191 -2.5433282323858353 1.8406882186588087 91 83 46 2.0176833370604363 9 57 11 51
321 1.855113046772271 -4.9638243612462736 3.2553372335430377 32 32 20 2.1495078768896794 20 8 7 15 8 4 21 13 20 7 12 8 12 10 22 18 10 13 11 9 24 9 24 11 11 10
323 -0.52893870933749521 -4.8330900204311087 5.5807461711590802 0 0 0 2.6157182399855747 16 8 18 0
329 2.6223210559413972 -2.6252579789292145 4.40328356569308 39 36 24 1.0533401709078889 11 48 12 28 24 27
331 2.7013220086533813 -4.071956401446494 3.149498138486202 33 30 23 1.4002640652210867 12 34 24 31
